955217371
133056522
924099804
264623319
464569866
122101699
1710935331
488396952
564435318
136918413
384956395
797860924
48424501
580301920
905595614
547862075
777650504
722180004
587477929
210452768
390789341
233292160
580739455
519269527
918671410
291373162
613942596
331116450
528194581
123694064
887234316
729841584
554365934
809502164
693132776
443398213
966609590
114241866
1307557132
1486364616
393331637
624921177
42623055
671515378
764945686
726126323
422726276
858892944
583735989
122761853
540561703
838826275
667740963
936180697
609027235
625624234
88151447
501076226
102987817
180817935
512279470
895747393
958323066
152523777
1980236064
888796988
931924932
788646217
47847607
1651937377
668119042
526847575
288512853
774559380
239221862
526594932
28434196
904248608
722486855
238032308
38298048
691535290
1396774122
122321067
92520350
852951855
922905540
667863801
591426225
89262817
86117016
262773122
858638065
473504164
288867041
498106709
1883194025
24028005
742789225
774018508
577950286
975500339
717242529
699175466
157759901
825031744
599987743
6309860
145362931
385734920
999707756
307685389
716782685
35700313
1283820227
692675652
514545891
775528759
718614413
23316970
1332301953
935337744
896084079
1083176600
913296631
691769397
187281993
845488065
1232333458
271224188
988286761
94274651
575047318
118065304
608207993
214431327
378902280
746482181
1514987037
765822038
310008893
993809828
67179006
103574777
285326508
562277169
179221195
701462087
512143300
806815367
191517628
549259467
359236487
215432257
133586698
77662659
380597406
507444082
944521096
191051287
305366606
376075527
366745707
668207144
780541387
906137458
431823863
773903269
467092119
118333124
230070971
24313211
552305095
171411346
37345006
187008162
32031967
140457625
848455757
483166249
344855750
1904315283
1960059633
753610567
99093249
375128503
927294870
994664925
347112182
979062817
956583370
1473331365
847478580
75950391
74260220
549055482
736397675
1985780863
956409926
863948373
935923962
412549842
601864588
427848380
347654955
267122243
704996881
240282590
248410293
868295775
395665423
1824232574
159813897
48002913
482283382
106868290
27466852
630380451
865439637
897298372
392253135
546149171
884972936
628979793
345813039
6915848
964701054
869662787
1924272605
927104763
388154047
770220159
453487314
542710305
288449964
944235082
462234693
864779280
746503730
897707169
750254481
1325181047
246743685
182267197
1213623925
176138323
343188251
638915311
950724004
732205641
216821479
833904783
22706854
965646051
1296896008
747494492
938856184
13476346
957745521
1085587810
979507159
260361960
1126055101
870647502
89164724
896920946
702845445
1527103547
487803698
215567924
955816149
747367126
810595855
28732503
912580641
152241000
85635045
1164550545
479437379
1556336020
892097545
514774235
753425336
101240870
205349517
747870524
495317625
824200733
81461767
583288397
620561014
430473756
193955895
798020144
921195190
424705776
1406350468
924765035
1927407967
655752556
193655832
208029289
306724688
2785393
886707702
455368463
552267137
944432947
815414991
527742692
330266256
206625899
10349329
799131129
618946555
422186575
930207829
682810081
844125743
226427808
801220227
701048802
238309140
598850024
263660041
816835006
88532723
708780815
656646086
249356849
37396397
90747012
104583705
1782267017
282809857
484305553
688271
368891661
495084041
726249869
657811577
525744224
539264980
470182486
814662129
542671566
385739990
493147202
195805649
823132092
391194531
361187236
1814324512
207017613
262537958
735644948
381562398
958682760
713160993
296796618
84975918
268334915
930752546
985796989
16788798
1890254492
32353958
1685885390
593802532
297838294
439356117
915229306
778997946
442948977
181283698
997275875
709580957
976187723
1499830063
168439156
1698859758
227155339
17945405
128742421
600123566
1434324041
78471184
550566820
321982461
313885653
577600523
321004871
985890200
15210430
965274616
745924798
954465740
1338100
91328778
524063305
555854336
77873303
573956470
134506143
12111470
678222101
222457826
948130574
384802055
1745841260
179402063
143783166
99260316
141814367
1591242113
166340023
454915933
551039189
700865013
573797637
385125783
244092725
648435443
1903670770
318093680
540648626
470358103
992485894
1724584136
703141177
858972667
200753860
25161053
408717630
813982469
766848388
511224593
1085698883
676662480
910818902
118110624
965039308
889420599
132662006
613504376
56701219
494937341
612650227
407864298
487842927
136168798
789043842
685199276
644159347
615610597
1204470648
128973339
890970438
827822853
335917701
883713676
432323845
1968788907
901623199
621547817
71635492
404836453
1454912860
344422120
715983983
624076813
325859870
262694190
1173687107
545594672
765702372
932800180
896347572
192022582
163372024
52629153
957630714
149791343
768232684
933470964
713398925
967390598
126913673
597658659
741895191
627358966
642027236
212054133
297039672
1043025373
838946063
391435267
419689156
798968599
654033491
1664897943
1627390473
910948956
998330186
121245677
781170855
759737182
845871945
334017282
290956286
882299179
100008374
93533988
396211205
994199673
160392111
742552329
1281866830
311694862
639535302
910926662
861934668
415316887
527688840
347063954
370164773
565061357
817828742
42602927
1277210995
77261583
113715707
56957101
722300605
681391308
1274282872
821240276
766834106
538730695
987029179
201888799
10315733
1263808235
344508744
766389083
538301886
624647350
819837754
1492519289
391838230
1662032304
834583069
707137985
226063727
205394510
881715162
880664410
456223386
187135569
484440989
735158603
206610434
477226715
891599631
65416548
967338907
1874763772
929150261
902844230
764699152
775047471
811254730
691252729
51340367
449511946
1260576462
848979650
606625608
685533555
341034784
956267458
909471055
712154145
422497307
671498288
399397455
119061190
96241881
362156213
231175915
364846971
765000220
624138130
653422027
366416199
753610666
401811688
220346804
155698162
684256228
68127946
406655221
119141001
222310634
800334971
145504071
416347321
628401034
29534329
242367444
13543678
648093072
1626059744
898572437
701899224
874618325
679050240
788403832
918761779
847648063
534373083
933393082
774450672
424605343
141601670
161158911
227357449
804982435
524454310
195194763
648534793
785134871
969809235
664520774
1723040346
348273748
983741115
974629850
562730878
568267109
748042226
316452597
499494091
938424756
910057192
200854445
242743810
701258679
336085480
132778484
345685726
991447484
554939917
927840111
1942924143
391989817
883054322
950099688
867860464
502891939
491539523
387513076
943619652
987778043
885800300
317710279
867699881
556897907
529638484
87456079
450032377
818755036
1248917080
400646331
650594144
874493942
177920869
320549707
31537978
123116112
936753599
411947107
833087591
504359515
1421196057
388315218
117133859
1984705500
138109534
837856388
667867720
288496556
305160045
1898171160
415190827
534719187
1205406541
191748419
675446310
763212755
250484506
123764443
794708515
233259567
8927683
682220046
133852004
901317305
761535464
675370493
1520806997
802734669
471221703
1885616469
738646588
997985783
215801008
716807859
89379295
533509323
857201890
773013338
38930213
779574518
635060609
72067441
273024947
710136989
218483786
215790213
475785755
266849452
1157640591
881903687
26601604
986953459
166599760
724407372
785116746
357039375
401720455
692438512
677197301
90890429
401368485
845898326
1607239881
232971048
347925255
458169362
507429277
480222146
988628285
926625939
340401694
101029797
816574481
977944594
995470481
889377950
411122659
424442792
819892595
962722270
535462619
218359231
49508886
835839246
144758132
95002319
210805148
200861041
778749159
886909679
528686010
1309130554
48803740
517125908
357270572
173777484
970433290
628920528
1929026613
828853524
849009552
444019795
984311210
768155262
722163883
924752074
868501703
338703034
467055010
880949459
302175135
253595945
910298123
542669617
533503731
201933769
83032785
536304179
1844383625
878742665
151923173
395373964
365975552
160339979
19867787
558448952
66352578
1027633202
348103825
645318219
479716887
809528975
951929195
525796714
432076462
452467081
27724025
799109801
877586740
605446076
386825702
242741852
976476232
1153071474
1727202818
715512468
691090663
233206306
247372748
512393555
529723334
245631429
791581491
967368529
310199342
993522139
1803261334
935562531
11568358
452033056
875895522
249242344
185148637
201439365
815260627
871280412
83627636
1609126694
1466735242
608873462
645239300
374957724
268763643
708179933
741006023
250282398
747316483
230662466
402877885
634896378
619753111
349950932
318920889
729561264
838316355
667299051
229152990
693016261
423709802
714826202
490095532
465753779
129972441
866529840
615457094
231558170
705406155
552184831
585956269
401331365
1308993079
136989650
919552515
102380944
612499488
283905250
873955627
10975206
611775924
411168337
306593153
891184610
487611976
894432285
214922066
616067739
571373745
911992495
123066797
508980416
696166283
568504747
732196644
720617022
547670753
1739551320
398653624
550692261
246703876
96971365
740251718
642484840
796742374
1864721088
679397663
981882735
762938484
934193466
440301880
436974980
202529691
601313514
415893321
225562415
695732734
120718322
210294308
896875379
145998762
1575635122
646963226
908715647
617087905
188353417
424255226
1149218824
1647256080
589467775
278798470
182582934
539053541
955469207
273528701
64630791
601954637
12172715
592278931
1341763441
929756572
499441991
806729844
628372911
791189241
610771515
29356886
165665105
423491817
855358464
308443844
167502833
91386719
479058807
1423792086
747467906
151271876
792309815
581717688
525084212
237121958
901738458
531280474
534497227
78877468
445450243
910470785
469071359
607476054
819184190
451994407
72013521
698480432
655772276
959386384
150893778
813361757
154910484
969880025
160490153
852310070
460878403
1231462900
1804908750
737633523
692293775
831186823
724471989
353193322
981962234
655869562
289032956
578045066
570631956
118930295
966574860
65720525
749361818
404519994
1097601361
822810158
992926955
728227220
888656012
370605016
676021434
957250445
618636551
918180938
339508198
678613404
1971856085
833888908
1930198057
36084276
837360236
820903540
390369406
645156621
790540457
753873138
958804222
469847850
83209236
824040129
354398624
837408473
644036510
11820399
1965306923
378734234
276984598
1325551438
311035194
17766063
465814977
28446231
105509982
853968210
820440576
1209219413
544476024
973803425
463134288
84536007
853288460
730873144
709177803
696385360
594234822
534821566
324301805
928634667
1489696087
440610304
505151712
595428369
629610967
670058619
1327036148
619211396
75188940
748526063
563477532
249242951
415664402
73972501
1495784746
749330406
737134713
507940994
1724058406
41423440
650188451
677253514
59532940
409331718
1472799687
570667058
6850870
581603314
256284843
1350907943
623610282
213945173
383340423
1737684943
1173345476
