101419994
389958926
543431453
256376624
437625966
291271557
249740391
795886006
677571238
770378659
575421738
958785076
958023091
109955392
120171755
763139005
978915319
508122231
894963587
691926015
303179757
482108309
446948527
122518994
232389484
193777495
987856034
567398497
167168595
720506757
145857234
728112654
290554907
486282836
491368367
748500119
1395047170
1758189350
555309281
214931650
141914357
432180907
250215025
969526985
244553756
447916428
700838104
539504278
313992230
577978631
761926788
996310109
132804084
424126256
589022790
900319599
469640148
213797189
357825425
433618313
127123798
29195513
145576818
702547321
605344007
564678330
628106595
349262789
718498725
130290106
538387803
193387563
483629360
641532807
932944677
1508695329
741580800
504579892
483569891
936494403
684696375
418819402
487182773
155995902
579291688
4475886
1409049674
956820592
1232842726
612043319
1796023322
640111827
808189015
841884561
396190403
342015379
855895774
1874075584
269163153
912812259
630904684
24698095
270496668
47534323
157048812
151664432
77051528
844854452
621992123
655459632
73949705
10841661
498289394
725436583
939765138
784145198
327273675
822975580
961898334
830918743
712459828
534115818
410029000
526449664
351304232
1759640637
480200085
305335741
764179383
988443463
464550114
790695672
127025817
1551531338
666858454
639288353
404200544
956074174
693557790
16039098
79470902
361790930
89647856
766444933
890005076
796752349
318375206
244573399
570808804
842594823
402680699
176861631
616702188
885713110
158321097
1580527492
675021737
975870306
522116299
843690695
566374981
139558532
831854379
1230355095
262331427
504518549
828759849
997641885
1845295405
1226470505
339126995
324894891
1936580900
1443295759
938190790
468278812
122343912
256466311
1806642198
97579618
884114688
312378660
881202904
738329300
567272666
871641612
491482358
589205046
954358317
239941367
34154377
587288615
314244205
104081375
240101822
866432803
250500960
519664746
60217717
696553201
46497109
178919392
40888103
905194179
254728340
829660759
961803667
42734206
839841402
147021224
835103131
847095786
31346407
490069379
924563798
522934136
847690162
935175908
73672633
339322960
679210443
36136173
657133985
394158205
433883056
180358745
186372349
277900942
629366760
534250906
522513352
21393852
323034493
307109460
787292172
224187628
619245435
1953121145
48782001
919757383
379969952
500762515
287289894
548436152
57542381
919734882
825547706
920108578
487374579
809167456
503319305
400376316
162013166
772678575
142820747
255537851
533707105
967392009
940561953
1841175107
247174421
1700542748
938166478
988527442
1373814762
775539569
265911747
458977603
121988023
976734550
740284149
691510554
1252775131
699214018
739943818
947337073
397464607
413007717
615078859
818641607
801126396
265500234
104780475
164138088
49363197
464815094
687964592
189929817
800101377
449769744
211781445
1492108461
1072299705
682133839
76782344
938230783
234425672
1926450116
963776795
170282473
465249814
62113314
941196713
724792872
357750794
884363918
19937805
640507746
1586187519
835561851
242863578
438030761
220342956
90654711
508598036
183180813
383350900
1539818110
167826645
336565198
208231195
926716657
1473624174
523382288
70230186
680124242
514006146
947768004
68181687
217973407
1427803492
909687408
364517688
506364461
598571266
308940530
111675622
162962814
891873639
137811109
776467172
387145544
10331506
863503491
592513592
802335363
309179949
98673395
70095560
790677317
524346835
746599293
93312276
545297948
1852835621
335996282
367769893
107324873
74076455
676407952
578153703
131123049
109257806
624022238
202549904
638632638
936063173
839278237
980550808
808419910
687801734
925854375
1174458358
975416121
164694806
293348216
922232280
603554320
1245728910
604721560
1033224181
338403282
565683013
1663933120
448842071
329199419
11995955
259243102
344594578
229366073
740749969
806448318
764861433
999130338
755516456
362121810
140038474
898471867
295179634
303957721
146278030
411915280
868046785
721269485
1159140846
24818567
1048568608
10915539
601292302
52793301
955716900
641710366
298669921
176999726
945825334
959761521
162077711
516490542
619347020
335249402
592335461
448756466
843797581
415107361
308636645
772196024
626050191
198841087
345925773
730468993
468260517
416377467
359864030
368405769
121512230
354943831
698818870
1950384045
1060435474
559368923
1064683578
674416605
77989163
732870965
897473070
1957463686
28098859
644198780
19803007
526463571
92162050
657145047
339125841
888360902
847972076
43757186
32228417
250371058
821882547
496369571
118143591
931824346
318596073
133838934
163601154
758696849
881141907
746938898
50450958
562683628
96704124
470228379
490541584
274414851
263667809
392570367
541827480
591600558
905177009
674777267
69509427
741926632
499776284
366596163
386642733
132201434
877253683
849120848
853416328
384172343
51888448
488651352
1116751600
452621570
314315025
184683209
760563382
940215024
823196719
360310406
475429844
855935859
1594175373
323485597
288811380
575924610
670456987
828051206
867924073
287919619
89234754
320440282
508034529
24323658
1213264504
272543344
490132157
123573280
908237930
11574679
647579332
938116149
93469767
1601950749
960960566
735726702
359469681
180821883
419151788
677673235
165481574
177936733
777505133
681101991
810307964
503483472
457481798
985235244
754218015
860374837
492777582
659314898
225475302
494868009
698839029
598219064
508950062
881775566
614298107
791856397
945644800
364370734
493268221
862578969
252413025
288744421
77069207
575036391
546504122
838521852
76938417
300855468
839711352
135423006
755000356
1151314088
25636295
68123149
93244191
76445018
115716379
784380703
634304553
115783118
911621491
719617268
1773412527
784698309
875818188
458749531
528777496
125723784
471245481
322966109
656687013
1952985976
402779918
413301422
964152183
58042465
678933033
568480322
1318912394
4529513
559310043
379180267
622196416
967707179
58810945
315636090
325634618
604181299
1654415595
32844471
756768902
941787599
700045497
301863604
926482028
568856381
116493937
54636207
80216377
903511566
1066806580
1225921723
654728635
705550923
395645847
1125032339
453780313
549775648
530116107
132209885
967906576
839109254
343938551
482624154
850612635
153233190
844480142
455456461
581544692
1580087789
310954810
258585997
467644326
258979742
1253678386
617839721
547490542
341870821
851063209
359085527
838036023
1985442644
764616851
354459098
177864983
705560581
32535774
180637050
248161070
575153401
1788435239
127735270
666262692
525656650
1254113838
498300391
1426652983
644501618
770661463
1285645046
524978216
1947851902
83803731
648876001
875395161
271247591
443090210
190731207
534361694
521235796
194954846
382298549
445862849
463290845
325886879
419435079
299536188
1957826
1258608086
75410326
68215666
825948025
537786851
114912981
236326051
24828816
842628590
1927537528
563843426
873468867
530179041
1569112340
879639739
492558555
321614664
537789591
825080719
127829215
348668679
2369137
574419212
128635919
993972292
913246379
235890730
1678022023
542384418
369070520
848067894
549199771
366252587
640573036
821976550
420466449
208535134
1212112657
357856947
11304678
433060503
992475782
336640587
199591627
741205002
135749156
1075128415
334199627
354810164
342358415
471844990
876693880
423153813
160689741
15770364
393408788
614656265
406705734
128203329
604975204
279566422
918311256
619383923
1350285707
298398044
298117543
315543020
97813344
1376030756
486326166
683507253
570383086
293273836
264633793
763470681
797485144
210737708
1966699599
926094437
957290270
156170470
101829322
511681250
114012089
119224780
991895313
440387345
162484537
90091145
943196836
613977968
716279991
651730795
515431665
815425384
999163384
1883097568
32013434
674971870
1722543897
907578100
486632090
590414645
934824367
773829089
826786183
206967642
261991784
582232228
413509516
721448693
84618924
344202763
682014
596028267
379578044
528867408
720708173
454579475
108409748
36157667
322178928
367835265
666538299
300219037
35281525
493730477
608507005
325186466
128058463
684719327
728862764
623784757
820459532
666016044
22118482
906395909
740154504
613700723
923043131
81433677
606428680
481280466
419267612
726838681
850536849
766151430
29875411
628527184
922307944
680158049
634467835
880179052
697072758
949445203
829818229
284077717
259043435
380859675
653873891
1256969225
629267761
101680514
1678928315
275482276
120249395
460155854
518154049
562766404
723737048
895822122
340126636
98360416
748810895
599115602
827599740
964200227
4508839
685648281
881231196
901641234
667308568
271791598
714761636
479741834
189002932
98463595
850957149
648744931
922293944
239128245
187058226
117403767
911074481
873284760
250535407
796216181
336163389
916618708
229631018
492033610
402515771
702506829
472212754
808704921
354166456
871395775
704018765
907324161
389884695
1850182355
129358551
1667074758
319806970
725960672
159362790
6673357
528343212
938916540
877892765
870208376
582005727
550760287
732241757
607200906
904683610
356043689
385606211
45321374
1182374200
716795944
176946271
107927632
466481756
1638806723
154979122
292617457
568036158
333573955
786347082
323863583
159420673
811085482
678434558
261366910
667473045
1051102478
737120129
750741653
683158827
343413834
184519775
568600389
852148124
810504645
926856479
585556065
935006997
429867553
1800359931
726605652
48688658
198648242
657229435
738470917
479951902
565992808
495756941
143837360
420137965
528041843
607332370
440804939
571308592
1936866467
1696560783
612875567
751430717
1651805191
522428574
897815590
621969385
89950040
502803998
562017973
123104992
1400786653
666313823
183265792
94020921
778810257
463687393
566331338
56102445
667539381
1177138970
144981336
390162755
243789357
829522410
215471598
830904195
1044698158
807533778
1604351723
655100244
1721714497
823471369
340202282
881319262
393208882
703662649
221213579
762876273
602593582
161643913
198299850
84974211
999787136
211245515
157524571
585855529
287344003
1128797899
14864971
1039844515
897585998
711905634
518676158
848750896
1735330921
956723907
347280979
1995231669
322389349
145168083
801572169
40257932
318534397
1950564885
71733934
987641898
285513503
521273423
640880661
120874544
814412183
592850086
59702256
11684293
412064406
957618997
986268398
568551241
266532211
1372251224
103648409
882565164
429747984
829669723
426359769
392987301
368081592
630964061
127177950
814711756
283209351
380795742
313445153
490742480
801656949
1549833398
461974616
1503416102
835876148
756235183
577308103
1934763679
207890061
320982675
744980525
49958799
189891482
368041333
694835966
81444987
205558421
922176951
508923121
670918273
428728724
45102733
294109169
640931362
671634772
45669122
866397094
798435323
1376103285
142179869
713911073
125116587
1437409628
374685592
690644670
947530399
1838021750
209790483
273863239
1341205511
536843444
841639239
1618608036
220477143
802566815
599726373
372759563
530502373
