177426054
91318600
432997857
62197738
1787392244
621283565
163845316
1757308391
169340460
391749733
92718141
694870473
200350906
547512983
711133052
574801967
830324458
972406073
552740446
824535086
823009841
550757768
87983036
318660555
421729020
122490298
883269257
188949743
1542262311
1866065983
516307536
205564006
928133541
57738042
626910023
785545618
80190666
606485259
1491870474
696957017
786466593
990415330
559838036
225414835
328808105
483350841
649765729
218403872
1220505143
573757697
889474776
296911810
544787357
998203039
42988374
350234185
264657973
246544147
288802085
587495404
90484356
308853908
43441935
1644699270
438104077
516493289
390812274
114538757
331645625
723990185
578369373
287450476
725461873
642566468
405655038
562927648
347517732
413670286
947015939
678446277
939808616
310849416
178410786
508549791
97026981
521116569
426715604
986638439
444055837
429727803
160777639
943790968
666767210
412118879
800285952
693886254
113953803
498535247
922779636
466669088
100573490
151599542
511197403
286310456
53787282
546395948
1446489431
1804788308
484478062
501618192
118132339
405966969
407991262
690569168
775016699
1280588411
757005541
78960293
783057524
624054237
149054615
487859045
573656097
607051573
328989206
303961274
737592864
224025533
727348405
970290340
54637787
628191168
1571237435
746017054
784556353
146217872
863708703
514229222
563461083
170579395
1285401637
361329852
703376431
206789527
26453245
228790333
192884812
653086581
610155816
135538551
641186517
674362163
344972438
529506463
351985764
595027162
410333555
436723571
466006708
925947043
532064568
911532048
675996321
1707622940
691905908
440560653
611936974
53610724
378901085
371214232
301575889
524216844
156020573
57715774
540114453
761640050
611244908
714718211
970386509
924400798
790620183
561375541
723639359
695907329
616089640
268920842
1015881172
542309152
847884210
41815570
1347382973
1117269043
70458790
423367405
489700016
1704870166
1644208643
14575340
831533676
188122751
765182357
52218878
617058193
173218323
465089373
27013413
609551352
772551870
987477628
622054443
346948665
372453161
826763362
1590276567
911795617
555666874
100712365
186919805
861520584
243094273
375735803
156307176
672716931
160108970
945287674
898150184
620990782
747166352
429718577
377294647
632489986
411561263
833289463
5767271
47794540
847900844
514595036
537431886
255243119
722743714
738605382
469417080
792864933
778968959
556183205
1444236490
521259937
807047538
270450264
760197704
759304442
1136432898
924381270
976861664
1265580291
839678904
560388696
589285048
324569564
880587332
895086470
135336024
814086403
879380362
296334706
705076960
204874509
461030596
208286575
53432388
662958940
300498495
816075601
542025525
953917319
322643445
866886136
430068540
405141343
1639206668
942530095
347011376
1662619656
797048568
628298964
180632023
1552871672
1106334647
431565340
917205202
677639213
319053532
288503525
229069618
366774607
543968055
681398113
1311787655
600070153
356020839
73314057
736011558
581389386
141211737
658373101
537154377
329137120
184046680
53713944
507932942
505590057
352781441
591166303
245081139
929045888
931107508
364951004
834674875
594691902
876690889
471303554
712303589
832122526
718010690
241578731
681342205
258009004
424625945
488334878
695861815
1629613357
219541905
156745766
474769277
573913727
588357382
1017472502
76772849
252759785
213017460
778358324
290699168
406621933
847271305
594339507
751738067
183698730
914035570
951596715
76499660
75328394
835534810
795506919
104404343
1901812418
320849060
456122505
215140719
61650380
998016881
704092587
1154292992
475409882
319070502
712628411
1072146188
204075569
817710789
116048884
242640358
978068501
1842897886
1589660764
388057903
120702308
623659478
688918907
664479895
568354034
603895379
190529130
306972107
619898902
255172730
555743515
564884486
742182796
119691061
762089465
831920614
93015377
1898014856
180192294
663225413
820133960
389618466
191202944
269796525
954664075
258374608
611808089
1718996107
1862061694
313117910
339389121
1194051559
232378894
858713884
188381472
278954430
45046279
888959279
35203949
910171872
1819328849
117595583
251773166
880946073
102766328
36354837
41192046
784227999
426412955
809283386
712412499
417680407
317847741
72333505
263851664
809417247
500075932
305327016
928995134
699080209
873893702
367889764
609726213
41039254
1328750739
479494554
890922333
796317926
781079225
881906929
191934313
450664431
206881239
211007764
320262176
911269258
778940430
402445726
950781426
631562714
643496594
294573624
874453955
699030593
539465027
270104
142371736
164188956
404353976
1140736025
768870026
797456768
1755046126
1859297309
72306945
246787933
17052266
72497984
439180382
105594402
163976658
822815105
939663800
683333919
324287330
1162838285
774517501
117446396
251978211
92034831
599447689
45135136
216265587
196925094
332961254
372127537
13387235
187758050
231207087
1667330799
316528559
560652042
33998793
416563713
1589260371
56629464
460027835
636857475
659155295
922441410
220437504
200271933
471480080
80745226
445122604
892226394
458130254
1013437348
930172692
827642531
522291089
886674067
456100540
975002335
1371914809
581543512
663496811
366084626
421787654
931027542
402267378
412983607
75527567
130855577
639304247
400354073
779009854
631646661
250630220
127891080
332209036
685976023
587618188
507948729
32541256
1563694654
1956191395
422867856
365480474
676815263
1198210736
686574143
451487338
514974408
881100776
1097299342
580004809
392044055
992756446
58904043
388383
452658770
1600065876
1680490205
418237314
118997160
521494047
681950299
118771749
24518817
433908972
31176713
150449805
906090139
592782657
704109704
135482973
1247916893
681474617
396343162
651608228
610598903
803944792
232402163
1330052787
373311852
809425735
269399398
1535972771
721855629
1847743507
267144471
510159778
489142279
832547091
778061920
370668255
331990317
402012949
1574973962
738571020
138111134
889951409
405656576
129321105
1320395937
577161538
495269390
151830463
789099573
510994557
461059256
893574357
575212500
531140624
493325757
910142765
223090705
48621363
1202352177
703559992
959726254
756346149
562298014
62254295
641897085
723980929
3670091
304298572
695052240
194543792
255670950
396684774
566806377
509434850
754284058
1601558144
319680909
442378173
898019058
834615083
424440720
816572895
37444515
283611556
970266498
227614268
932546958
659190492
77770890
975039683
521256571
670755477
967344237
208876164
643031744
75484698
841445769
578086639
1127112624
278740627
330485440
484244627
1746551852
961273846
111066651
91260252
825019824
970486578
455987182
981238029
438123579
503269382
1610313697
341680077
358912708
415704819
949019928
276284757
366178663
1474069047
704361934
818280325
965848142
582970791
170589214
864319807
231124518
784036372
650164921
24591009
280517050
560151342
749018836
148370534
959740381
517940888
416599605
237117192
728146167
58778354
624335535
760252830
133118043
703146139
453863281
80585928
111227930
317968973
636489782
4901698
870446132
433297786
655580012
318760878
584768531
630933473
399777499
302597467
586894044
725301677
330306657
731158337
573206928
319218797
182559869
295275822
462882063
578871131
1329819454
311453966
859116477
388596747
19122144
1103584285
671635687
1373437166
426946536
587132598
449915480
62491819
81425942
811660872
534021509
756905146
429807597
947122121
448821172
485389960
93610937
338291552
741122113
30434933
744467607
729002118
1599303802
264136379
722932071
579670851
63553281
745032575
415628428
492191229
394984252
96126404
503087040
514585344
746599164
371892420
879160630
969347319
928185477
79821524
407754305
481616098
984467897
150589608
724808383
458971359
478101183
1534210859
206158183
18258223
318346569
295114268
1618762328
403037315
599512734
966476931
560310905
590603295
395068029
475913113
677471279
861398199
118377437
934892937
532087057
861800113
371478018
561797195
990335692
894036844
78037052
650813311
123136396
388475853
628708275
636413169
384345969
195470727
381252464
901782230
747761114
89164874
1884597977
410087430
149692036
941322121
1201944980
893023874
578864074
313402868
78446200
53525450
38509626
765044354
675047273
776664598
628689659
750616168
208694359
982438538
100839883
1327233435
672093030
791938538
637566688
1044364326
664155710
368372171
740390835
791798828
1677613558
654689124
1309820347
836597752
684025257
348051568
395552985
842933294
772402851
946737544
659128191
778560277
3880395
557410545
214369439
227663852
324895263
832348156
681730929
881785384
1021937368
59426175
7187070
633439347
93669650
161417795
1886486602
504764152
645386916
975789541
691689152
174466298
913813091
926071719
70018666
1934333764
31199731
17967164
685675175
237534280
513701021
181023432
415127007
200871003
565557970
470423300
879078712
897332269
901906971
45598614
1035823769
629750340
446711868
301512798
1612090075
442035408
968159618
253649304
573642774
751152847
1124412917
67873306
610499299
997193895
357403232
825039233
1857839152
208728191
479321243
73769136
708364943
836917845
921117675
712159666
55294534
333286254
490728036
236750122
524491639
180067836
15759683
830958291
271848852
959199559
997002335
460685688
175501769
730267156
1799154303
899767171
844118847
269194823
1826092985
647873033
1021932090
1830846257
361607590
783456920
237078613
707952363
201311333
178803084
507774988
139846063
58441331
250474666
613560803
1349954355
28268301
748237687
944490532
500212121
586006136
960904666
1527675692
1216247243
365612426
925123756
77853289
1798677159
106880085
932530822
83799415
1055914712
455745890
826503373
619696249
529047659
510293715
765402175
859960523
718538838
948414626
315141387
811536174
707970966
60191151
459112258
111678036
939935597
940117960
277498895
138197002
905468160
508055211
767279186
626644258
865665096
389711664
619768384
1394373116
897689045
822951026
539775899
681159589
647863133
936850956
460830263
168697169
931244048
910798018
281305824
980657371
623480944
198987634
1211645586
125781914
916669638
1616399527
917339765
210609916
523466859
897351441
473497227
608996271
219879310
221497543
566165825
130866485
908760582
121217477
591756166
7826488
563223806
795600273
344544432
1382631390
152129587
436782462
423859454
252689528
697296892
923961356
436698554
1946946775
936582746
239215962
564369767
247544481
853633347
621592017
581279574
524036856
849997244
364932806
247680944
432405174
447017968
887730313
301842518
934476044
568594846
228949799
83750229
521499784
275579797
826044594
887970377
656483212
143522250
945438259
631155828
373975083
120345571
433788087
614461778
896344914
949736222
631743852
258736038
568430179
239391525
622240459
774631674
129849270
472487514
342730044
777522393
664493341
976448687
711377230
231650028
706151645
429958573
10757825
279738057
495467164
943812512
876139779
869387754
288300568
725177483
720188076
512536452
1417429192
861842146
76678674
461098850
895188470
728906210
467051848
149560876
117654316
