60217717
530412061
406705734
260610189
495123238
782037490
97645233
395887764
776199987
961468600
749027897
703553519
109427653
396640628
951896702
214517467
387115005
787993005
754133465
547245507
296909513
390350115
251965290
945187193
186302989
447096842
717293578
148438342
432899995
723212550
867847573
657145047
22225775
181311976
760570965
923712381
11574679
58239331
45669122
332741780
186294611
88944984
502653639
87577981
409651169
577978631
504658129
92590301
34154377
506860716
612791798
607734149
888360902
652527493
948815399
142944660
623057809
344119555
70844327
124572854
498330131
926471236
107933551
178148449
15498448
939059826
30903863
72802605
14199431
925169380
220111356
688494637
707389421
699984623
470745009
686061509
40257932
132651231
77682826
560708241
541093461
874543231
777263150
322114911
548250261
563729563
311907602
238074922
94903957
146881345
100105647
812022315
33447586
295901222
697946714
23285747
875741908
835128936
502692365
422547730
276569906
243202385
801182532
948001923
685189105
215131586
471249569
447363596
101331975
640111827
468000312
630634036
615760476
30383054
34285102
169640914
519664746
137248968
833175549
143772094
623709425
987112171
732870965
238855540
974673271
171191395
83002762
924055265
127051646
456019908
907324161
794964713
573781848
891070718
389741822
384894608
2740575
857721404
948119843
314246038
633484385
244573399
52671786
881996269
564516723
967707179
917739610
613000062
957010006
829669723
858752595
27676524
280558065
948487775
948344828
512262172
350816165
746322412
615315857
520213854
905762913
439053398
244245619
345065602
221343995
548708623
133838934
948474397
738329300
548436152
962026433
596866240
956091855
897473070
788358564
933975208
191122182
21333055
369465222
953857255
575154154
905194179
403751971
830349854
938230783
481923473
257653290
498421718
767689899
603472203
774342509
521788523
897414507
525029589
384909048
491970786
228779311
802335363
137955892
642498284
483582120
843535363
907347524
949210600
968878033
350284841
109841728
251443397
483868493
349140549
851216757
929297357
565070150
190558208
186279872
7922436
744021861
865848071
904067238
291471488
862609455
126525661
652737806
820792072
967392009
60935706
249422872
3792263
820439010
800730782
707830980
72611958
818641607
580092978
208231195
800101377
471844990
36136173
310186018
109980787
492523287
64652416
445208936
971924567
463054306
24171047
680657959
692949953
654252076
907341272
413301422
91985924
181217174
646153982
420420998
610630495
244822812
630904684
472371206
542384418
810307964
862383489
104237008
544360962
564706363
244247025
777082030
958807310
714695553
347280979
680949596
435371847
738979233
660728033
33056501
1129959
946637778
932463303
992511375
729650266
501149581
125579482
384919401
955716900
892587563
450373129
362220324
434018848
697155536
697023058
876086078
550962142
126024898
114990944
449377486
342393967
994145129
416629755
324326953
747340440
494574198
494457681
82972147
780114637
116030231
268871620
116243943
499917916
96849578
80735690
593007813
745685820
95568651
850624534
425101865
492045413
155424186
518307545
327577620
446747038
901021400
945324874
176270607
248052240
93085301
886361097
364443081
483587035
996814970
290664191
808182209
928125992
450495953
432814790
435245828
520364201
75583751
822810683
741003989
443570330
208957195
961661665
117228193
173973190
165374650
131281617
173980034
501896553
723560952
184789504
166338881
142827337
357856947
45102733
49294586
698839029
174518214
23761676
44277624
443245376
912858901
918236620
363387444
684317370
322370059
497908522
229365151
970504364
341183629
892630983
697983181
393228677
767066354
46497109
444591434
344729369
350731059
20477461
549783506
255717988
674777267
256943058
562739252
118846437
453166652
666079929
753377210
629322174
993322355
266662127
71128111
641026850
596021245
710033420
859113612
493276268
839278237
578911981
485537715
562885565
70173845
776982781
146017624
778677947
473158695
752390174
181795702
8724473
873284760
57608661
597204009
180637050
85117001
348659239
86475687
585855529
106864766
853466110
55643024
450910621
270331831
409175955
2084419
759467964
288744421
208107405
259094716
10343756
96988839
615538571
559040248
95992896
129608674
972415819
522877343
599255090
339512780
759648604
816252040
392159620
198512311
367205914
427229147
205952185
231258072
76952178
700803264
392987301
232302889
430717082
75004671
142680731
615078859
271573047
620018599
379229519
181301442
260011473
986058046
481745791
816973650
597887049
831045002
330793649
521736181
225429733
448304090
797979075
506717776
595273021
278060686
550751884
949001862
705808746
626906657
10910385
803254018
757708624
330869030
754499296
803640655
513722570
382670865
518451281
12898650
264633793
700239716
524833141
667308568
133324990
871641612
599115602
387561632
54580869
999366127
969942633
979598706
575972386
924100133
709675402
404981952
135647356
612043319
903017223
946365542
54780232
386966113
872215635
834865255
358383056
78590496
185362196
784196669
338530193
535762250
244515844
728436281
829618202
48325160
791948558
943730844
322623237
998643189
77859507
633729779
926265516
72840217
542679538
873655177
678270620
599762234
409133305
647786536
34356559
919032856
242472297
671629544
83334568
747213241
630989252
681881013
492307501
919746524
253467061
947077519
47402764
826786183
560563178
511817800
790215196
740334463
9692135
423168820
201723093
964252216
145877964
144653587
663220721
435028125
139538383
626652897
760736750
86197598
570808804
295788352
714436260
158595889
813318268
115028322
197195239
583105189
806185987
424126256
370107426
578018427
894837819
122270724
144692779
249890188
611993081
544665173
409214190
322966109
394158205
389715591
127718848
881756566
536124915
156002766
411591876
833558253
265911747
40206913
530137439
551126206
233006827
90777663
707348222
702612697
749268435
221753003
49915884
807874812
474403581
229446029
917323487
87023722
242393822
922232280
199734036
612881732
350031744
680124242
351868865
70230186
172161357
129358551
930359822
777960511
829522410
819895618
535376558
421386433
564446287
585693239
749259696
687158946
221330470
571652233
908260750
238320770
102394730
275055449
396588435
875704892
620286438
494988135
827177572
159783325
458753086
442205019
483069041
129064793
97622520
434159265
53307130
789172454
111768427
106274457
966546065
351957962
427668252
438901901
433622655
405835359
664070873
368799215
531329269
892918674
752721259
864277503
874641866
775803353
190013877
428174425
870645159
739214985
946507037
367714878
289956855
968663839
11995955
976357637
102328453
918934954
596448162
205558421
278846388
186996241
505111343
593238254
979501118
818042897
242777735
44587321
133035342
956137846
851970099
270585353
296935511
764861433
795886006
344144819
210594556
689235642
481280466
835022100
1651460
433305836
456834350
924509154
509677929
823586708
329199419
606855125
87576889
896989708
156257692
992657612
675329888
89031113
343938551
375830396
885344377
813585459
450260039
60260764
955966861
21009350
858778616
748486127
663156452
221213579
864805520
958785076
690013933
123104992
24037865
881141907
772034028
46627790
30343384
304018037
496041671
350636362
700305814
567173412
788065407
746531195
583934749
369752162
276899032
606774450
740483701
697689899
338895283
751121931
881738743
144551117
442795341
334822274
701775337
678933033
750000781
749740114
771153047
744190166
164364762
336663512
44023480
587765223
288262759
988575640
821882547
474029417
838726293
647579332
266532211
774751325
337503568
291271557
211781445
335457406
328930721
167157091
37432372
717873565
846825909
704201537
891930682
416401058
846520203
368430543
587037820
808189015
192172262
950437372
57668359
127707192
746084007
533707105
881319262
748424832
32385046
477399055
800397604
769761640
891959095
710240659
17262253
967663896
620148817
388252933
350650652
893551813
881202904
760211155
24952393
861862304
17549937
907578100
234425672
157844503
671183721
51888448
173307835
617446360
359579342
446636579
909215675
789980176
533752106
281432114
162625697
166155554
908302987
333351071
741125144
232888687
315652296
308230965
570383086
298222256
819800793
849527968
743848242
5667536
386736799
308636645
37100019
657191256
493587829
282145369
41788597
68212700
353078065
598096672
910332443
18583773
306481875
848750896
3607417
726747938
615808444
985748007
290246855
762876273
15527907
675233640
38425308
786140705
391631529
314244205
937846120
532318639
151286990
219330999
925844664
200432751
477433428
336565198
253247870
934293935
795156450
673724729
396086598
867847728
28280159
865131662
734761844
80841614
76806884
806448318
986403895
159897071
769712584
946588132
325860208
578399972
465856316
412887586
904553143
317380655
131476475
698303666
530116107
109257806
208253932
314922559
589673519
823215173
11363674
558783232
141164802
679482893
620084933
226494646
856782460
842618500
371767504
382087462
596316997
22710328
866397094
316535189
79706617
541168238
698066443
112321200
745245041
582912143
801120189
485472634
20555554
241418542
723782235
637369168
507713975
177832932
258422536
135749156
215121939
171214589
121266155
467790086
880933917
121199446
627305035
496600936
401681032
844854452
442402477
183559651
690673669
398564666
22302000
36934108
160826821
223029337
169865629
536167767
871923652
580715981
872601901
903621343
755943906
47534323
650573666
201362089
89921420
924149901
572038470
860680354
383917399
850243868
20794409
412855417
324664288
627680228
427556948
544676314
418819402
670933804
945644800
322287896
519544912
713220266
22931919
298829758
151492910
640507746
438030761
896202747
186143291
172916999
801904548
532932408
93312276
81433677
183462719
365596179
215471598
255185431
201588514
185029644
799671275
715801006
726838681
731730150
695999217
151664432
298902222
827699112
878032586
895828011
591600558
248878787
648863667
706546999
516866653
535452437
294370053
45999118
545297948
860448829
483569891
48688658
84512861
940369308
329701297
973070367
623288808
552712317
35386296
669060068
36671758
817687440
581185117
874177634
23386372
245472708
940323338
167037574
273179798
910292399
325779687
710518180
287491424
128631149
285213931
657640424
245431302
192318798
228924621
574802707
305337543
660536194
428608897
117041058
495220100
518207372
734741842
26946051
129106087
819654541
154590644
632915742
738470917
919217122
628490644
135146965
272148291
302303955
143613728
140602976
975416121
785898583
628009616
911024747
663962676
869837237
236778898
802140076
161966339
93455333
65656362
352411225
351045585
986268398
847593322
407117813
808823492
992475782
466070868
668476810
9402345
671048267
61747285
13085211
994047237
911621491
922441902
332944765
213043097
920446864
674581763
158374362
420970856
371597852
960273155
687801734
967906576
89234754
804191175
403393293
513773177
776648270
196035727
868631965
151850324
799351853
764754540
227610914
680399489
430568300
231421051
31762708
453320938
160926023
676237028
176726557
698891174
157099163
479867021
634467835
272617940
15886631
520865348
957469281
445316368
197100116
996961561
493326278
368405769
717357499
405969754
36080525
494115382
756484683
149046564
882186377
897587948
579199554
199546330
170187085
116644264
966847076
98735495
478945431
117456647
838363586
941070854
443100624
857398981
294368041
567054398
441259308
217729495
235084790
618055967
441884846
567398497
940534956
127025817
376425369
963203950
135973012
615507465
530741603
443796672
863328677
978259596
306583475
945032695
546931657
663005286
354970024
937616920
206128627
385649888
838022347
351098791
933111883
878722397
720954835
521590634
56287328
409129366
222907797
584312535
403099411
274779100
959460236
261795846
176574342
132786288
585875311
373171295
551371301
700732223
891360973
340605348
775029367
749502255
956074174
327936068
191231112
812155379
204756522
726893550
708217313
874789351
744651402
304792851
980020808
446948527
798680726
300740699
438365203
555750458
647580893
507146555
203821797
817722009
494723199
48385569
295643942
881145768
545732245
284220232
164263441
404528457
469188755
66918235
826493400
982080302
604900122
565260253
294685531
853883559
844855142
849120848
21633019
437388833
907795071
929445710
545662115
61365557
35384622
631110484
187311571
510372276
357825425
949715788
35949455
265893041
886085214
979472482
534108441
660697823
775539569
122343912
623647325
981246547
557602888
906006318
651532044
554329770
331867802
715725705
484703553
100072522
538388571
200868859
897184656
39332056
51957586
556027155
470471688
213858984
664531968
457001161
295051677
435332867
423153813
492888221
372046742
917528579
462531469
935562013
578975412
521152720
264712110
432647443
512412571
858067641
864131153
496369571
852148124
342424305
587640537
772398240
197662216
392363850
831850253
9549780
419151788
858782151
905073276
320440282
323638933
473773748
208695211
714761636
30449647
316131745
908237930
511553777
980550808
117348474
660886048
116751470
858950944
529553700
586915370
996816850
538387803
273572599
503418041
922176951
517859671
677748068
251889480
159993950
324455567
878916692
281824218
395440349
116697112
534856389
913446407
811085482
794916927
195764873
295363197
356608692
647095835
616945950
589507574
668688151
305005738
459481081
415233254
677261548
927160931
238245078
915357487
644198780
565087965
120136864
918562352
400406803
703770332
516243343
451760337
315267061
557760115
135056871
275482276
355663644
662605470
768714283
724071584
934006421
950360203
984081990
243888364
301879146
417345146
311060324
170862609
633329541
65847898
20132177
39391884
635441503
692569542
833531667
226189033
744369587
418532754
62792542
75391494
635598527
905460679
911401378
307838577
374985783
475369938
749626310
278805351
11981941
398735824
154938013
198790140
42195023
263759130
341527431
350402154
493189561
274778687
218763014
9629846
703148422
934908085
725614567
164694806
767335647
15770364
815228591
795571668
20579168
111675622
101319242
734258232
780722453
640370061
896986391
828788336
209771792
413509516
959893517
834944406
270180185
191234711
712861762
612619943
692255154
427508078
531834346
945825334
208579962
748500119
992859856
504854451
836520272
18677939
763139005
57187330
55578134
620487667
327669649
680608992
825948025
24118540
114411685
17572426
168535198
801821403
627305692
970050307
825168242
936161629
612619852
880878508
407086755
353762986
340202282
194954846
590111539
720638801
574767756
266615949
137414143
332355610
197536105
286234185
273966004
656786593
133619030
363767722
550046001
45101074
665689743
703021819
728112654
604711117
435897552
917505155
645219672
104856997
961898334
940711851
153247558
65248945
208392398
561688755
340647672
955674131
920991874
488101502
532602722
940717130
926470490
641910367
233610795
781362630
522101406
386070706
54630024
511429082
847922908
46897407
434994086
784105194
116728311
964400766
930037093
87433522
147957577
175588704
718720921
451170935
731282650
895719685
217973407
976734550
591418793
44174431
545301929
431195392
370918525
28236762
149480280
764604934
143044036
151600560
105508964
251334378
882669238
404639497
625529456
357762926
82892507
48479943
493730477
675021737
785580972
765642933
639913972
209262210
408381330
613209015
800634982
607200906
628091520
353408292
521178293
896973517
94882454
743966329
405485737
653076185
917098358
453466268
927996118
116943012
678642364
553235900
985386671
687596801
371051194
691030335
92593984
894575093
310491629
587127576
669019359
739943818
292163728
161395253
467433158
452621570
243555957
854883016
383601830
908977786
165715301
674811419
61750913
820459532
453690165
413007717
253660928
522193327
541861305
562236022
368269478
612095132
683789417
751709722
606075141
502951249
912812259
403987303
802202204
698340467
740344030
134389092
892475854
856853799
144051627
426751851
922293944
83303898
962590608
784464340
304758216
553126081
720612421
55577591
423790425
926482028
438851858
204639347
932079160
779682606
509782254
316036212
500260546
663250385
308832501
357187861
821118317
109215465
703302095
522219870
364813485
138000830
198841087
591849248
387890554
182148645
427400058
928103041
984940331
379578044
512758848
163074762
547249774
603585964
256481017
89394814
591227981
340163205
652173404
489619890
998425129
428825156
788637117
624254353
98344948
263980409
946823569
454284437
478417542
334103364
425802017
27673715
534361694
627934958
283708062
383504155
953663365
686303285
314941739
620575488
362341242
445407895
901375899
495391095
445775483
390083271
570355727
286437564
393208882
445539255
359096312
177192648
541091299
368547641
181942076
613252698
813675561
767557002
934933323
354619238
746144921
659691023
435699773
268962622
515227067
259043435
89950040
271791598
470102771
993405005
333460380
577308103
73025425
919194407
952851777
491458139
552948331
440222124
465210607
673151726
999787136
693595420
734153972
297183320
106910995
853002708
454046972
197181617
279566422
440804939
621969385
89472477
864882319
968786499
919757383
157153726
398443563
328813803
77054226
61219018
994054679
166490929
508546097
463290845
12898571
408340796
487182773
640987559
348865847
112990146
111685883
621044059
269337397
639216703
684415865
683681053
659833427
69526567
576622574
4538535
63996240
622955560
300379428
995730524
100266877
611225844
135505676
347346376
546488217
808704921
533528005
504425348
419502552
633250771
240101822
878125286
264487233
504710866
923884099
832379785
657923229
525488690
694296737
409763504
65104113
801656949
676047863
848130060
308171472
16397262
540164331
773577270
4044392
670503958
89462227
991430796
760042729
304767328
866179847
676406850
178919392
381603478
79756889
276196279
935469604
160689741
617916416
711247927
47028965
208486685
56102445
794240468
90720541
408020912
175050924
214931650
830106122
14864971
18499941
273321131
32844471
757553581
374685592
622631656
550108270
668500958
361504131
214656320
65772939
770011220
568089237
625887429
953770558
164283855
673097301
227147636
730846671
880653010
744520744
997366709
325797688
758107401
752962378
827488081
226985883
164593696
923302518
468603097
951511733
761594345
666947131
521660270
175731099
429476286
681425167
94372095
441988279
569444478
133458813
575878890
32013434
823196719
292879355
980784260
993698791
911002150
174022813
65014373
747261225
343067494
358977856
759341570
224134028
678345655
587001710
895822122
985355924
936039112
586509055
448594002
283717877
128058463
47577844
436377318
653361
862264136
92515978
131252147
664177178
568995604
256446201
838036023
417346382
650550997
318887740
719857322
75808358
741580800
159420673
289003722
351395510
400428047
885881895
19937805
8523439
174956957
699558476
68094705
165455840
522664757
88941129
883719667
6119789
596278743
700364634
172675876
757691998
770869704
25119894
512289921
45479702
357614619
62367610
977972698
38763873
231324239
541255664
855321905
677673235
895021965
370402494
998968651
746938898
290463157
177869386
105264615
236826653
977794292
825547706
615170937
346405496
680491149
831556704
105629313
971998312
223231631
394749861
891873639
307109460
259579046
746036481
318534397
441018032
554158867
831174308
484363438
238143040
811853259
121512230
245778498
583424459
848463963
692734119
947186405
711177905
831708809
460726580
975333825
876634311
453112770
78068791
784380703
918104600
62392114
166976181
479751617
789360719
792483609
338878714
44244616
90424326
103225475
590546500
305187997
313783956
579350944
411133903
872025160
762735203
269565811
37500309
884554115
359826796
979894914
120496535
995090646
2877769
326646347
257057323
279766093
51684370
790371840
319969290
594539264
85673937
957618997
152426027
970170996
629901404
63203773
781408690
594379284
985470114
18120202
983147931
608507005
995493469
952772709
615799844
901397091
300219037
295652081
795603499
104745774
782377872
13747034
471237063
619188918
985700649
496243842
131546018
350309323
260966721
826416437
122518994
528777496
347757201
388106340
658768437
286738203
246757516
825537169
158472617
972819784
106435837
183372872
863934251
731489812
951753334
116728566
822369310
317322873
927278059
554595053
637386678
98407731
386525682
139489655
632083596
336360218
333524121
748436624
933640982
20653633
712356547
355664994
917427460
508598036
7826538
24025147
623799410
390986138
787292172
358840456
239944055
897187072
366512194
218674525
387145544
614666588
564032360
936934375
635825333
489206755
49556970
388638841
946663052
769378071
437114310
341705513
127092796
743367725
667726476
637763357
574113041
891298922
540634515
394053189
697875230
209900221
497598113
159711105
528867759
992394835
325830298
551824954
521719463
9633798
690032978
999690618
669594501
452231884
126507579
732461289
98673395
84901112
344030077
817412449
526449664
498294828
840987394
45308455
499382846
315880074
682934081
869187693
494131875
618269115
695799946
417238138
468408515
460541188
74942726
636095557
235614143
784286373
262732012
260238568
743376072
887651867
393654710
797219334
996811460
832706059
608859706
425392009
300986034
227038935
488729360
527640477
946837493
796752536
700320702
533325901
2348014
24772424
423578422
591851132
949118909
801523481
465877180
18465027
781151044
119520124
120503699
998749142
116713217
654389353
269829592
651505587
964355407
937568262
101519868
148208744
352361266
903511566
195075238
60974425
135147622
872695519
855112351
659135139
812298760
386674124
178804815
320982675
72034749
96650169
156673420
674443984
943709697
667143305
418669098
484282320
355462578
616387143
590992674
106835157
561365488
186054198
251939518
202343935
823632397
399429886
753637136
358828765
194090416
197119855
321614664
337706170
851972891
102684604
135710999
214718351
582072947
161400120
853486635
93652493
155995902
687964592
445764735
902253888
359257026
806885276
595805450
155715205
572416695
183924129
774676317
875043471
770258122
353941784
549527524
391970842
610006930
412738475
818460447
376107133
937126961
836106963
422321993
592615910
962709425
913617648
245690979
773834224
804279886
810910691
70544401
821347099
688951349
110849866
402842630
807533778
968062037
828819206
79545457
779993477
881231196
177638143
866282924
539197286
722502922
634128134
292942233
495328851
14014298
765663689
564115604
756854486
56687489
360877496
344952852
195984222
63194594
346539114
938821983
606003139
434590323
661405646
696450046
633880548
309049118
836703091
698871445
135632018
562683628
933016613
550179827
561377171
499728144
474646374
26825103
378050617
939423763
898250449
305447002
466697904
568894414
123890919
968595284
612359254
676804987
344668327
364517688
816042748
955711669
441876379
783794410
38135728
561520016
611064395
360393840
7708460
499287183
499261140
427254481
280860658
595779933
375256528
259559672
721650775
619245435
125539574
75408154
37105956
953054472
640496441
319351719
285545485
696474848
248221013
158087546
491783436
912017096
104081375
276497292
739491290
231020486
242818296
838220398
856911280
702399009
877214034
801430683
161311679
863503491
703787201
526463571
495549856
953651208
674416605
863559811
576481362
239934455
663594908
594106649
687506641
523382288
828123580
996165665
218532583
348908914
82783390
746535931
969526985
204104415
598571266
394226359
47005755
480200085
413959304
152069393
681101991
756759854
23049131
15806733
713998673
394881001
358399434
442410381
941853583
579809553
112432554
65881648
148963614
561697953
50076433
274492111
752303548
417838398
628008383
971718663
891068977
23458681
742703421
259788093
347797307
510106147
5920636
812913650
590748764
952763558
133551478
415452301
283569641
848899165
358085871
884495583
732933528
811891644
419361324
183852733
530734129
312869495
932630416
200120963
655014775
223869089
588946934
751295013
47178737
508923121
355799020
42895789
961656585
541827480
901641234
826587789
852520200
917736329
212783955
938868146
450501749
959705546
888714980
943937274
510217340
993507189
554571756
885893112
310236053
206176125
829660759
220630368
705550923
700897140
614023840
495229624
736756414
457210489
469507208
958267438
880009053
380859675
849953868
513165200
195802933
150862954
468065053
623214840
198928875
552963998
291286264
377206578
419267612
129052024
614935491
198751326
865796329
721448693
690537726
801572169
552682916
97262468
963760043
629350223
290704351
171297874
821238871
727056380
269163153
679963296
472085301
775258235
860599641
274173474
442094851
928392962
384575028
596474053
84339499
651859890
795863833
356869896
906805710
355369
769650256
52438554
643683010
528867408
61648040
421271392
563829289
543913969
560163150
941196713
453536017
50788917
240027139
632078229
567462487
361260226
695770803
494033840
921902949
779422179
753969769
762454079
574978060
682535600
961977578
461601093
432454456
760187287
204822653
589647858
958354128
636713686
411576248
554698281
670456987
20290875
784949421
613769713
309179949
835610110
119464603
99754042
843690695
451091752
154884373
194341940
586632864
73388274
641481639
583185489
696797868
202549904
255033043
930574442
181128700
249740391
770961738
271694274
107497072
770551103
55435263
831788309
719183097
58444956
485985059
877892765
766537836
376200746
967177659
934872807
83141658
128364040
301956710
497674331
645653391
435478252
52586620
84243223
582337874
855429896
42964284
443090210
831185668
141845121
327062409
584390712
589022790
691734617
627950953
949481142
758028028
313897367
999557752
938237971
206967642
76353198
419688250
477039749
757730172
788914650
470856368
772097021
230511622
538520326
424085452
326353959
516151294
375326794
462117611
772196024
861852970
256125552
699449515
747699669
741715225
762426090
150865211
136030322
88011674
152616321
944280748
46094986
375702238
642201026
739886717
826269811
955145305
270747310
447966284
725161869
662085512
213542161
796444305
536341660
238280168
114012089
460155854
498751521
185029297
158321097
957086661
237767965
120249395
542703228
124351327
626417000
224740233
737638469
999578627
123677297
732641360
33839043
216105618
508853213
76620287
705438201
531031109
539670386
601115780
549199771
650712258
262315899
912203371
473343516
613745647
507464194
184131642
938036512
897585998
135337159
699910755
250535407
815867408
689461495
110724918
716795944
399816451
584390332
965077335
379496873
383011865
846883601
933551831
480066861
665761685
231900606
191956988
76830922
481024719
515404870
713488018
716891220
668898653
278914641
201322349
298117543
309318848
761958668
866573667
638632638
24380555
38628121
838966771
308220518
697176364
459883998
304149743
870025028
998166482
975987301
323122210
73240635
215118139
519497775
181505110
46774982
723728720
51926425
112493774
173134973
681068442
250665711
825080719
726639750
126116420
581956912
427390996
961803667
725180533
455403820
161643913
192919953
327273675
842652235
826556929
50264870
607509388
835103131
200658891
574361397
442554040
817562589
84174814
513403327
938916540
933231070
469640148
449769744
535514555
335510112
162484537
834520766
343211938
216336086
141914357
904871578
686131128
671252499
394584662
733517211
852528617
305677917
257345525
569764452
778787286
662862002
367774952
778241336
536360421
83192977
378918264
136472201
135741827
76841861
855935859
720728745
715375241
908036139
580827191
815398492
339786837
629366760
954583238
27576116
717495928
765203566
758740816
141655292
729691256
807115730
478460729
464550114
564783554
553813588
105270279
744003519
173576334
787435838
723290329
816424120
400434857
162077711
101050552
844480142
836827397
265363932
345216857
788848916
349262789
83102215
26166461
209376195
446899618
139558532
180358745
952504052
512796739
250450415
34711446
666148532
10216192
4590677
960663088
511833289
868852117
712333900
366091692
551013892
707517573
288735799
487886534
162875503
206497323
545349353
343163485
774028412
454748179
93988992
84846859
846882537
308940530
276621824
654099281
737229059
607447916
905990735
813370467
832758614
119034299
20940271
278179256
814960678
544307978
403038213
731574669
205563694
658255832
344459083
435179871
997375655
840527910
168878308
429747984
508457771
947945433
250334799
531255252
859943882
638698824
498509177
524930590
52728880
733055171
563421167
300711522
952953730
720590118
800789381
262331427
305785893
821941101
996548813
887851283
11827080
595900590
501737003
495795081
304886334
269157840
64865740
940466896
525608304
850154159
294781544
356397115
484145438
797360484
786299662
906664379
123966830
42654892
769847866
300322813
468725181
214134369
960075981
755287297
829696306
145718340
409033089
491368367
774145985
552535314
601389470
92964222
668557815
125842249
127642552
307398267
123117046
157326853
388062719
301798085
118380608
13115316
612151680
234691822
368526632
23917833
311863887
592216373
449027652
549775648
917648441
276452607
770538873
114684610
469690529
480473837
402680699
508061214
35281525
413319001
909949952
322041131
153233190
992215259
679209004
682403947
112611095
484420942
397030673
55852869
990874675
959434229
490351288
493779073
431399534
509109134
580797344
317317929
829170384
777505133
904913926
770621304
558322825
965047339
328478250
277266649
228533794
788257040
922327511
448088445
516490542
16734932
782835018
979857511
704018765
989276465
884363918
972108755
592513592
120930899
684583159
253487409
28472173
183881204
167826645
386642733
740589212
384195148
306439728
186845055
438534756
737476132
368306314
571373602
245007289
123054836
256825319
554279381
919734882
942551032
844660339
994088040
750380896
105804142
955207779
881286820
657038633
999130338
354459098
81478023
846861547
389958926
46853543
79882644
315543020
172257159
498658959
377131860
162730877
105267512
254695320
845102804
867143746
605344007
561532307
661172754
220342956
755838858
708180203
2006767
871230467
271480478
786021546
645969348
891555259
736574550
286948786
175665051
934391277
493724365
297431876
323187072
483345255
727721285
560314489
778844032
377786249
477714021
268941505
3986499
995579028
336652272
768341216
212947022
653426253
459592535
998430269
473731485
974545650
428531502
685747606
828923711
159161704
73088423
294817253
592882551
562894226
556730632
8518227
940824089
616702188
27463072
521235796
460521245
654167897
981279315
816173338
503288476
426653902
433444332
176999726
199526085
506167469
841049650
738535531
912688246
535332152
442493615
387518747
193057595
183180813
183174666
623194362
821976550
527080866
123374609
367244315
409254920
630471355
10776848
975912419
253951814
475628989
939025153
232045457
108013573
350467260
805179842
232571778
958236285
938508452
533980438
468248938
182951900
219331724
637614075
81444987
539459179
728885242
587486671
539965184
636290980
671765583
983743149
326475097
716279991
211975566
648369600
808948440
587280979
183552052
174307066
272152119
998154260
541251076
748810895
465943870
400073604
433639984
157261627
427144154
443095579
11304678
219750122
804703190
527766647
12812472
674815103
777158453
392493580
727990466
476609165
448062669
417167951
775180684
318008430
684535945
822390620
994089906
824632623
143355088
625976585
292734697
879596912
330017174
717637088
900319599
838521852
276619940
682608961
31663371
961437713
902554612
217258809
22535286
347920825
993651180
198611831
137811109
917881688
926576591
414513892
450292968
675701284
557880904
760749621
402901846
479505509
988443463
887598817
326371093
831461759
236968624
270050365
934801993
295897749
840501487
93020474
514006146
99392184
687635155
671090689
998345160
728979914
130290106
324634980
422529912
884957573
653230064
298398044
153319875
700838104
849894862
766029435
654459428
452282097
832812579
400000253
508748351
516351631
20078948
344179734
446407418
980700874
14813802
954301472
565683013
393188066
105713033
368131383
344867319
848067894
248999220
612633908
524346835
447871522
943189219
376126083
85315768
839249859
30186074
841884561
532959632
756423362
664274315
205308076
729644987
724792872
540707056
157602457
563727002
177936733
681751765
363740361
615942468
21619015
233715204
958709829
707447007
184674112
175561427
212716268
936566275
689302937
498758667
802971100
774647015
601759023
223361535
945313717
253916202
33634904
857615206
872970708
27543861
164455938
782619541
311850754
255591966
997145610
63029816
396190403
436870978
841256258
302981887
177018088
640617437
868922419
299096004
588471785
495935388
805245724
70039
905463616
698100311
305697075
858568451
365066371
648343984
350205460
258543683
722922837
450409321
635855812
467842335
695133784
115768700
720708173
293657714
521273423
850957149
115113080
315339986
741672248
496115747
741628715
72403395
629489844
273812573
295179634
394114610
44891499
561097447
847388288
776190465
497222315
920885272
740577198
670383844
244449433
332983068
173310669
24650446
828001560
838361587
372472458
431836214
145495719
505964290
819339700
228151045
24836983
531670586
698921083
920515913
420740154
137289574
223161429
684559342
148087429
837142451
988527442
494940501
144844358
143837360
270049689
448756466
71398142
622268187
660641971
443287889
33503526
262256854
27661853
104265465
671671321
45609360
601468141
905316850
848695856
60944758
635898751
744980525
504518549
532695003
29666212
284285915
627590973
77473089
780908253
676390005
50929558
457497731
16195777
211463811
375497269
211378625
425989520
434149194
178680144
650757812
622271162
794171161
352512968
980440923
915108587
176133511
200054004
487328899
601923582
440450255
53099227
407524023
558317605
912928927
2451135
721711514
23128122
615467473
205187293
536886604
348734280
947277176
551462799
859784973
78347651
325829630
488734394
523743461
826899221
537096759
717421800
29942485
294317162
890094133
541157586
811752974
291837373
322389349
655993379
903408648
565342744
347535490
363502009
464815094
672040815
349896538
741716493
243109405
220477143
119541271
831770289
502803998
836977309
421280851
714765402
480341524
75466851
475277773
322279102
774508567
565992808
315636090
220538818
72845865
560804151
457163924
654010974
812658787
568571477
630342409
433473938
70095560
117452618
534115818
290104279
303957721
728621445
188750869
36414479
276241913
561937127
427590155
396340248
483481620
319182616
270620860
514063904
749475728
199546290
357750794
766151430
752231009
845557707
842884942
113744712
962498495
235880597
839185592
994137902
546914899
808464476
91932795
402777055
50716434
475525957
36969884
559464460
971909128
628779174
77968614
546445357
688533060
841698091
750304930
664841477
64777001
305901738
566647410
500966134
715445622
384917264
489310274
811985075
49119535
350985882
42627461
324894891
230250205
395964313
415107361
444000934
754218015
416036045
287919619
972558757
624639606
752404589
408522844
627533025
765594051
258637912
28098859
285482810
541945108
350097914
287480897
431168387
749296779
157683220
997720293
411160524
677946409
463535229
631331127
115108379
864264217
866432803
720888918
95097948
32276432
207890061
169208779
189576180
402707916
300870370
293345636
302799945
999552722
982031008
377174457
443795525
589673902
158737530
483362550
115410907
920035322
823695144
376866212
820633513
103068057
720509539
932944677
154400076
988262457
361786775
505122404
277900942
689824897
76938417
314315025
660376107
287039768
118091185
24545974
864866277
28470657
354778560
609393863
530741131
115284497
593980902
178968288
978879202
143171784
999508781
814711756
86819852
468009246
617491989
727486001
384383844
247107100
90411124
76840282
832166228
990027949
478769321
454400844
970649475
383042263
184683209
986163412
999163384
632989131
653673218
313191382
353683599
783152309
494573022
598709773
715037637
655930612
324558170
103074099
682133839
700045497
523121941
581450118
985744581
74205451
918465905
475369643
242863578
34803788
385921414
384630412
813127147
498096797
10353869
289743746
725177372
999947100
495422642
624162263
45131705
636611659
289213978
667078881
320366712
917940027
684674939
382653284
789775798
469488868
294109169
329183349
673975218
987803327
816299099
676821207
312378660
404042264
608843999
454293140
942754997
463537523
98463595
629267761
583335906
213499640
601231492
578633221
575924610
316097765
22734463
940561953
346423968
256993742
806153533
826925700
776754187
761588118
841360970
984670390
926635885
496569083
870077768
250427872
423785679
923280402
642614955
224731475
447194502
610628347
692344676
940418428
247620540
450876558
462975135
700787378
58593196
146326147
362094769
364977836
868207836
834286238
767161674
776642475
380795742
677210952
659314898
509236016
311003782
976115356
684840974
766444933
728898692
524688756
417705610
971198830
437515676
709327554
302039633
125974503
820966707
914390323
387631975
725436583
155823702
744298232
563843426
290938091
403297933
279818498
503774923
312279292
252329626
219481432
501871003
605134145
946387832
984904675
619322
865685523
158025418
666937614
655338679
760621245
276559975
416281838
229903784
110187474
437625966
31813416
191684381
495779721
158985100
976588209
899475785
66073469
67242274
143116586
74955611
63132965
887746148
782830777
641710366
2948535
163401432
339322960
219317255
34132606
187058226
397464607
118040246
469589989
292955002
938076967
465249814
401189652
433823289
609874533
419873868
434142720
487455199
91030497
157828129
818348337
392174940
305426121
877550353
947177950
77276870
292063641
511243012
290554907
892605994
746893754
945652417
769276358
127123798
968792093
10698561
776312929
787090281
259171860
858255620
999352967
472048834
715323781
420617005
156425986
530502373
890776752
793810349
136470419
556596043
843402081
240789498
677592714
251551820
273863239
884708180
337870100
827174803
392296053
533895234
604464967
599837637
329904847
164732914
33298112
518588532
696553201
141889095
426944612
696522550
710864462
505947946
870208376
565007818
845077701
963970719
255150566
526261649
356527427
880625645
662517800
636853456
138708547
614656265
692467606
415573183
697072758
561424355
808581689
161139950
492884610
254493937
432150543
310470739
692481411
354742155
294525799
973761141
768979870
859559156
340624739
53908008
500385762
511955238
910812340
982208966
193452180
418930816
257865735
586545283
225356091
374653304
257762624
391621575
970032526
800871657
415021136
954294296
313272421
680182675
664344617
411739688
575421738
450039713
199421091
926816202
739523958
730883171
664253564
875818188
784911959
747747924
149741110
82422445
919638904
941208067
743052976
753442836
53328118
537789591
790677317
646325174
327337185
458977603
180305166
914521234
666767667
500948936
364216725
582522226
776831552
661086851
590929376
58042465
86508568
649027571
492676410
872631631
716954526
235890730
257083748
576172812
375353936
504206180
986179966
21235058
474728335
528027259
337614130
34341755
808427173
80198880
2080790
660669589
846219447
733130707
977431717
964078930
719617268
429210564
145576818
746728633
994064590
128714813
522994854
591080522
544469219
52517264
909017965
666538299
247931929
808419910
806248397
40586502
258584723
460076211
664041372
826757623
473708338
11241863
628106595
34606724
998581424
724954966
468724315
533177371
977495475
993498728
306235017
899696765
43167584
32946734
720246563
45435310
573627725
344777871
773081219
394676233
559382629
766656553
907123772
568480322
617628326
587252573
812129673
808322511
867832539
606428680
15712686
907705962
871529526
238130021
945374622
762536129
856294188
226309321
63045657
182039974
589124835
611497093
99598801
247786343
543003811
840661377
56613308
923941776
226812462
309245247
29066516
526588842
755450444
148223732
323335571
466170554
815237708
393408788
820812460
876471057
927351797
758452833
36231336
519290230
32535774
10841661
766842688
510635717
901303941
588859491
242187381
679210443
395291164
7894503
93469767
251595606
421284542
790859444
510748155
78739441
750147603
516029251
537958905
639943170
324923750
892446908
803056847
69509427
881425425
229609487
112281199
73672633
588258927
816338806
852844098
17919195
422426413
975325551
888182348
914433642
646633052
289263765
845013848
725949265
873021755
438132770
217488345
940215024
327526016
974596144
422009428
682115373
670430681
537786851
696306502
872521071
77972931
956304303
588229429
328131143
612519689
868387412
419435079
558972895
663149918
893478284
240176440
425123180
254834193
421070985
323034493
648393405
594028695
525815943
258979742
865703161
310440743
696331404
25828313
334364457
726605652
395073267
803810665
290937696
855895774
213541606
391868267
58803809
373168453
698818870
264166533
94379552
364405860
902704245
638005709
183265792
923043131
439881689
988149745
152717719
292073326
391568122
332099455
301863604
250215025
115147035
6477106
78257601
559368923
620000527
401014266
45385370
979591971
405357522
131123049
543431453
325949117
483707339
966864702
61564396
192548127
930190787
55984146
22118482
46263708
926856479
130567535
530179041
372449492
748106187
43743174
61210282
166068293
133045335
805324697
658966745
160901252
843285896
872691177
385337119
508950062
956034059
446066004
350800705
237338401
479380395
159637878
645486995
933836964
696134664
987641898
225322149
195452606
938848586
644310830
935184283
747518110
293714230
189395180
301298971
739983391
876817837
798932046
249828690
224849412
984176979
568809595
375364488
171728154
303593436
662954220
799115706
194162850
767726706
878923092
316121647
213102443
710620130
330568572
895444727
209016470
6673357
123573280
799798958
782312310
331050201
569032245
978556713
42080721
538271278
686505192
939105179
142155102
720411913
344202763
4876811
609007321
103478893
989885146
298494173
86388868
167733111
831931978
173903986
763676149
468461722
720632744
177031724
295692774
500334007
366885595
107611873
50088123
299148118
728862764
419931376
611565241
386445226
777193249
9850421
843763656
997267416
198968759
591617669
733388798
604181299
43512118
931858080
393579371
202519918
255868340
843950682
868877306
648427803
325111115
820701077
693797523
246599671
262544790
644758014
480259108
358656429
117243374
824236473
844362388
731813073
793829456
240917202
359277404
632319288
640268346
217218023
119681760
762174445
306951310
860374837
248645830
844041815
854189004
331257349
67894514
411984056
401349166
437371772
923834126
431919145
704787702
859908206
338403282
946708635
525656650
673431511
201001474
115783118
548015972
969604298
43757186
743519774
549721345
989509606
710390631
710385047
779644105
712486515
535893367
280639725
864462019
920265351
937144350
105351412
494858134
265036547
642398181
899494162
741739916
229961502
501069483
550031759
502675315
723372219
817228507
286525378
596288607
7501401
439702462
309053363
171772000
487374579
994571328
515694276
853868621
685589985
718411941
989569498
909687408
112902281
532243401
465951062
959761521
581955705
668662566
528999617
116257585
475429844
463965432
349373081
355087742
625647154
359748729
332949995
122166642
144743897
290937336
965952119
659419272
441126414
110617317
760275659
222610683
486094425
239163507
302058877
81536891
489377955
434818115
854515062
351614574
324151508
452023781
747776700
403223845
959805869
995377696
979978447
371429880
872596221
602966993
80102873
492777582
629550601
288553958
187918618
972996201
541252655
675210938
405666795
684696375
386017003
289061856
650781696
962757126
552494483
833916366
82037793
990743743
655693816
325516833
445497828
410419163
625694395
48972601
343373131
673780362
463816131
427917152
628476692
564678330
977324404
830918743
170916321
596555228
472492628
879852243
920152099
688882725
857863792
142804798
613775369
738110846
520956312
431567284
368297668
458626873
634543287
581120673
113970387
381595528
814960311
683052189
118216211
326630169
447065953
840188287
533373802
993226168
990665625
566785305
897988962
17112583
634304553
650533610
648876001
128144463
959309338
898523516
703662649
619347020
828624550
735726702
242145104
88520234
857804910
539506287
197213763
342979889
471228988
731780650
996007267
749797292
310581788
208646656
698456425
972832914
689123158
845647527
489235759
375169644
370802464
565882206
413566829
432348809
398641463
570000300
681360086
141671355
3060856
84155287
529511932
834329244
228697842
375084674
443353319
703491382
822975580
782814473
222624148
171383745
171068930
78230599
812402348
578840110
391762719
755455002
643617148
468096321
265983013
610753717
455145693
106288086
585044680
111321936
203002144
196537311
348136779
856350406
702210135
594639713
897271276
639288353
30790417
99381727
613394858
94780162
157048812
729085337
956820592
30413410
160188014
263763548
493268221
560020825
145857234
582005727
371400521
122085573
293452068
100574310
612482593
229366073
185090795
383726790
582163277
790556598
349618911
103459038
979793463
695822597
486254649
905164627
297156934
384817685
351496232
702293542
449248828
122673865
79907777
903191431
842628590
292823026
852825446
711180058
770030537
882518904
235784346
503319305
616227380
8571373
591474996
709963818
16757220
115141778
456968949
344850872
557781465
520650537
344140348
865777176
869835492
12009606
910767039
29875411
588921449
678434558
435275620
33083679
978855711
936154360
883352980
366084298
811005960
163594380
192671172
41218622
819818433
244234123
483279546
633763639
729125581
907593756
702344384
699875915
472827481
272543344
107324873
811911361
894745182
663110830
97568790
22299382
112544638
827599740
125326273
176946271
33946183
154791208
389381834
364370734
11843860
336487235
640119713
229250981
339049640
539490867
274414851
528475910
174404467
666971023
459222729
7810265
761914898
172584040
799186146
244766591
470041231
70357394
586705469
104002114
768737833
510821142
612733974
246029271
574419212
27008325
827155922
798874208
239907413
833842487
400101605
655076963
615335901
385798787
305335741
409952640
846258324
203003270
467644326
95821124
32774845
20455447
805983029
497669108
811695300
236256539
492240200
266540969
148521068
385056199
123415840
217028245
636736398
893626115
738547651
161020103
741916105
9935946
949978203
216612574
941222386
434400551
906618409
949116933
7645250
459515044
818687994
803121527
695523366
883862015
873796520
633497991
864149647
219026224
702203984
429867553
703417741
382379284
126610876
407358212
200453423
560388451
810320877
92791010
856596663
287805116
215487804
303179757
722482499
802009588
351512596
620565536
260755303
959490543
143678016
625036399
603294014
775877738
709595029
381710057
770027684
183902062
424649173
648052163
367704202
628710763
300643523
701311112
723737048
448352659
478830638
235014507
95311220
930460731
454214995
738234556
281096439
964888148
381368415
245542950
370261065
957290270
48617427
278851226
320399043
930498620
154979122
876693880
548776950
814576302
727667629
293295448
697076166
716260082
833205062
633948184
249158499
450638424
690644670
5719415
207720442
58449537
893131908
484398199
392843224
557644118
391474811
394434033
795880630
692698845
971722216
648518253
81983640
725333640
185166378
420160647
3163045
784832684
31206895
564643183
718498725
645187643
762816301
269426513
2449930
115743377
833232282
868579189
786795875
117913739
369070520
32594877
921850742
82665737
75122672
215594690
33914
580393569
933741524
346904843
107713491
549970846
766595007
298669921
356539031
895996289
193540064
342819395
403909012
163623589
476338442
159557554
921712033
335572382
961623838
1738211
614246097
556980377
861386255
973693862
27521022
666195566
371945893
681570502
47166000
489957979
176092725
541057702
574254028
796613780
282136062
705250608
608325171
562017973
604721560
774185902
26270485
105235259
643426229
538637948
65624695
183924946
772693512
183960423
674086555
261102419
667473045
888740229
968612809
955334147
725749867
629538557
503594506
16726986
285513503
40506549
740304810
323972785
820756858
936494403
433678420
136714492
778810257
974122327
878834496
957534632
950098868
414731168
273542985
24698095
750741653
889289651
149905284
293417590
80216377
957194202
186596075
819689114
341637161
135322225
219676218
668549414
605411740
231541171
120662886
139972898
79480150
21724665
668731713
67232359
852649056
393007258
553585234
906395909
507815327
410616447
589468891
798475234
352219142
41473412
476281563
492033610
725142093
461974616
185391446
26667236
717159146
930561300
141424335
348556245
811672473
56950310
681793060
878496317
200006910
220296995
516578659
691187789
789041559
289062897
367897267
162399359
719646131
86635987
629424843
320848660
625521968
575743696
115403768
653506439
827890023
834396017
555309281
431843639
937055237
344148108
255634406
731386724
148487795
904087867
927603041
683941451
397121302
647667185
699481296
566374981
671374662
403779471
243245099
289391635
70316461
882565164
758959949
492022861
315123764
14541225
446988357
629368798
687545931
991850462
841893022
284078027
438291148
532304958
375386046
8085328
963420020
68915993
77447059
801067789
598264828
221803942
534063488
162669499
253114594
432265078
150782872
807948716
595256677
124447884
780847688
237846697
236435196
542246448
690373042
910618010
268958265
323750904
943327817
623769009
496348939
678603378
209776941
679042545
374212884
38651673
468260517
840439593
167378145
433395794
178297616
915520357
774261923
496144405
804326062
687865474
292149299
974952940
758696849
74105140
93033092
459189430
765980712
963776795
884514544
270496668
793748009
450652366
623066857
601681212
322714331
36833445
660456047
703036678
425302451
490132157
602633934
390374248
862578969
3846456
383115083
193220822
954263867
486632090
89288745
378515441
528802877
984913709
432080472
373943983
734181034
997650343
431303336
854811528
799864701
979473889
408456120
590002276
676309230
607246284
142892069
255450827
146278030
648744931
911074481
810013628
785259199
859684046
133675502
980828587
763470681
822300589
791824033
698835885
835337065
874816103
111383250
604864314
896474186
77049018
382298549
20996029
300030853
940982411
529663458
765232308
902681461
550117241
10237913
337360346
801039087
62113314
286243119
374093009
349512673
389884695
395975075
571308592
868051177
360752552
414776152
954484404
95303682
910072517
308704033
717360475
801009296
361070489
605532481
807038997
427989713
191691286
422696032
524975735
385939012
656886634
383633383
816018846
865300743
932123293
345855248
790239237
450780530
419031808
290174743
617614215
343413834
755614767
32076168
364732380
984353449
52233736
225565303
625541261
830879089
72146098
469732964
14419886
371640494
119953629
90616470
9144831
25127374
764006525
683507253
9039225
636174611
327120481
51424520
193777495
64888116
579143224
304210450
837802344
438825017
700104839
53094469
813150385
762785236
852899809
990877616
296117057
362476320
943566811
554501043
84086523
636100481
224663294
598823362
458749531
279552245
645935216
964753698
802566815
723645347
779411953
504318029
463185296
194585018
277976985
805145872
672059842
425473761
977756521
723492023
54925697
404054644
942408668
531274181
997154598
879598154
643774030
285224719
440996668
265500234
392232763
523945869
647422961
174391017
695371126
578079506
898073109
688871701
650351328
10331506
423506451
677897397
686218392
591517820
350282944
196070259
111007053
135808809
722540696
470243502
912152615
857729557
730503036
617148953
800369548
825966060
318239700
682014
699669073
332207544
363996582
108841014
982046624
963374989
591368564
509309402
647551401
49314148
437181105
365784114
524786684
602227065
115844248
965738538
205370676
126738299
678914382
672934578
922623555
730203026
456962693
131134381
960354527
741073284
971460448
253769808
708686540
392926704
689669580
691462927
769521408
685599070
86990348
94020921
919421058
86456165
554979262
372759563
369771138
875014828
453780313
110479318
15444501
113283779
112132633
17951161
225175055
583010444
41207236
711386148
524413930
882228848
142208172
685048889
99610143
891257507
261427363
692958980
528470320
490541584
5004806
623034788
334136097
373831713
229841604
457481798
931626491
98596925
897815590
949352312
345127447
490516980
148699489
425281660
617853483
52381647
396589714
370042751
214479064
872163610
397757280
918273873
310817676
905495307
989825930
199561673
490956848
940114159
838842242
513735249
904693964
676419595
645074976
515845732
864944254
667539381
291231250
248161070
12583090
267074178
334982876
802059333
965271761
934936367
309479727
170792812
400376316
367769893
997955312
101649121
166629523
302501237
332352419
239816141
894267001
310354043
580247553
66450355
263667809
306751701
424138788
103803260
36909834
650840175
597896363
955194123
39735557
708714777
654260365
205723150
197575370
863397575
379616766
793997417
584972179
689292839
363734614
814364087
500443362
817304948
949265365
571897806
548780537
323216265
588972417
582869296
627770076
941657991
872489265
592335461
923255319
917417508
536843444
964200227
114167143
774996208
570219765
500330659
337311519
592850086
992141998
792386140
931824346
254002896
419667379
439443629
784698309
968650752
573459878
380451206
917647168
691771192
957022652
895645729
244116021
563058657
325886879
720593565
148673999
90563515
839841402
873092989
781205127
583376990
666313823
560741953
78218769
145654
363410228
42734206
825990656
680091114
691379397
894480210
856827357
130259742
784841538
864100759
743108184
851656651
582625279
72444489
867924073
918441001
858145938
679964231
546864056
813680367
522428574
204717173
966801058
209504183
183587336
33379840
262485523
840180746
617495485
225712853
713100692
828051762
745908315
192851448
689990388
479741834
964152183
476704464
475802305
704214587
43058272
880305239
497555487
121218666
744345080
32852926
410686913
800173929
814098301
309243671
368826639
162962814
937972099
96704124
570057758
251176556
333196879
990185277
222991377
483500757
754447040
179570742
538356861
790494864
91541049
328148482
243094064
956601381
888935706
227278705
17358449
607117176
163876741
221727644
739410158
444660435
311814701
786408610
328702736
743702035
469233451
201859789
795294143
938237391
24323658
919431216
350902117
398353941
367835265
249033458
711776313
414200093
575832973
888825664
524904701
563798578
968728834
128570614
916684202
145260712
484391455
855510291
573036127
966366983
987008861
500106588
627785801
169476253
98360416
177479248
429243808
571257055
985616300
11445517
309861053
299536188
721752880
509866661
689398819
926851777
614979446
961171939
198299850
500323587
802824196
90918603
84888297
525845204
186372349
404859493
730030317
457693898
539027984
839711352
117961856
744525983
412886396
823437018
331107965
408205472
633111780
656412435
379283595
37832972
15845280
193558688
773750392
589765281
531390758
69972450
183354123
790745583
638293342
55359379
198494863
440973972
182646201
753487187
364091776
87128034
465246005
845258479
404545196
212000666
120953148
437411076
896878245
553901946
145168083
891925116
936497708
936620351
52202185
871654876
22546828
368476216
347101116
834628610
399913115
602725205
832845369
337503781
818678703
784248573
760099090
694242183
663109296
599260860
903904585
471548336
785170337
638332298
618442665
344594578
711368381
137652743
259438506
105702766
569663206
645003768
630373725
590652199
414043063
303206515
254328882
357375150
889328270
62118385
511581545
961273158
730468993
798158002
298690761
546839815
239941367
946014737
66041376
345474706
761022383
401410066
615478896
312705804
846167032
789610027
627527492
683082882
111829120
519109106
894294072
461563475
693557790
320931946
228256976
764179383
605161793
493443495
796833476
708393195
985838974
401091775
153175963
854753214
140517667
345154381
922543819
917488264
996370509
11554383
993771736
473861697
104869762
845829721
614117439
923991133
831854379
466481756
733854474
860756220
433060503
626411884
977916795
757738834
101643149
770378659
183080081
750444305
577219950
810091110
176851182
702547321
759523998
994198942
908713662
644434201
300117177
892282230
108371301
38017306
266689544
192393093
966883006
417105236
509109162
566298891
11141747
626969593
305208263
823436003
939687831
618552658
561996543
197409998
564978016
490024044
345511731
110321026
442284508
66086161
521827513
15541849
901543879
424138225
461202605
83803731
715547680
352060970
303028052
479621872
896387852
580259682
599726373
545956426
604865989
943196836
939765138
588562978
363976931
309459474
61382391
549333228
776467172
412759518
425164821
446709658
671634772
341980892
740385080
741302366
179604520
481681878
2189300
846516058
428728724
107182426
785017894
233139711
602810009
819658815
786442235
248813001
414382053
109955392
127735270
132209885
492674093
277498858
929886988
277531418
177352927
517919933
559855037
177314128
820009319
264097418
943669523
32228417
99658811
617716864
807978410
189039199
316818610
300567697
309798169
511631860
335213584
957163028
391993462
584425721
488875745
349117764
792948049
809167456
832589546
261461703
600490418
187071742
546941086
956917072
772715562
279587021
947162986
237205964
659503428
506868949
681780168
279159555
58355783
608565703
68123149
855815131
222772165
593809559
182698125
712135109
870814849
319034426
815136687
323485597
347903962
247342883
899158377
663081689
263406886
448301528
671684844
313503268
814042792
366855616
620843797
805801209
817487748
436165282
846953169
105288965
246533316
882131759
642256988
75755032
527893588
53416543
302688314
546692997
388085117
447230221
3638381
595513203
275035431
199475661
12511002
574165459
752299194
491482358
436013083
868298519
366252587
939002609
301536726
255537851
452605278
856794599
304209588
423597888
471446475
478103725
635088626
465500801
377896848
122395624
511958813
296154522
356120337
210704081
868084297
279078328
751218135
325099317
387626861
291802617
101783606
843973384
819329070
74076455
499538364
354943831
68768541
61274147
27491292
555284327
473037685
738348233
428445243
626206943
293985945
499157848
911732734
906602049
938724395
366542487
344564831
207065109
352238244
219804782
497336488
541883447
879514253
890310003
695911909
888476487
791547535
395004857
408506771
557366416
801373737
541441832
919847584
262767864
490742480
628530370
493388043
292617457
114909912
455638860
203283842
913413575
891552856
761926788
449622395
334199627
101829322
927754395
104224345
560338157
23723729
749890870
835799012
986998161
226403676
517385627
620803395
287344003
661616335
286687858
813466098
685706250
588256125
460692944
958484825
751332948
708702483
839109254
390211311
149908089
577181023
596815587
147755853
409713801
106626625
558681416
104988059
223948795
301959397
948581271
280704904
830327457
925932315
996310109
959227875
728855997
834111692
685056329
564802885
878137311
140069952
673542053
327985138
48407421
283395601
828759849
91941270
875892449
27745050
754235923
349330254
414907232
97900488
203807279
260732874
651022004
498300391
77125595
505136820
156123391
537446638
571800933
425196699
105525026
324488669
716351816
902008606
772407196
757041497
520237758
180331839
666840297
34437827
498289394
360688195
532789654
972531985
242385264
124095918
25967065
651383984
257436050
801058202
620829759
980124066
854677359
514995513
586723881
504978866
251899314
973729142
755516456
235273641
501787272
860928698
980879387
464222409
955542796
826581740
184480050
504870321
458629618
932674762
40958937
86193407
461297877
326946907
950890772
791569347
269683227
912585883
108914002
536543461
471607931
55281352
498091134
797327741
505601143
877582018
559310043
164876312
173871230
319436709
779986401
798435323
956045313
604975204
594267011
203505294
888373064
448693907
30817773
801852808
612875567
656255523
298023286
126259939
101380459
105591071
49363197
418190657
932282412
635131420
699214018
869828814
407876893
490069379
151211963
613977968
419607204
935175908
991623078
225475302
861661956
385527420
425673888
841110469
157936104
414809724
949394596
972199570
25618646
657201923
856301534
601995017
624955068
123402154
661768111
369003611
31091320
562766404
635022259
4533652
606199888
784572427
250028687
924563798
589837437
464508086
941443717
617659340
521560435
928166389
915062158
623657906
863795295
548390776
94205683
601420369
444129221
511466832
200338455
724067219
767298904
667740563
894963587
524978216
446737500
925625309
193675722
908694780
765522725
406665092
461760289
467485338
541646869
254970843
760563382
550126064
67658950
227024900
383350900
252568058
42291424
613748347
230866352
589654227
251440508
898471867
641134743
957958822
353200612
899134870
441871003
591649902
98043964
718607616
306709198
625693522
272156697
681605520
482108309
848406350
660011319
244678126
902894624
318321306
894809429
613328799
759866778
418000802
520881885
319806970
73610950
669011941
99038450
675133287
864502788
32226435
683158827
89990860
485395460
680972570
902751407
34932732
560111883
101586690
917126055
368066119
77989163
520115135
80723581
988474661
474228985
473990317
252042611
688244599
940506046
277744243
767096958
737683127
786637332
499170476
187526948
436844927
860154969
457628860
681595920
912480264
684220372
604986576
640880661
245950009
785895649
678388091
941715550
368107528
366164467
888721938
532659664
747604337
88225235
797699543
79539681
776736000
186438277
455647347
82891239
503010201
993972292
793111464
335249402
727759475
235033228
391151695
26237059
171524629
41121932
286847872
515389334
581472229
508240923
691071574
325867206
278598527
494617380
660578855
236326051
833302783
292726113
996458963
163116389
116150792
571466401
965518190
336640587
503148855
646281736
599984191
614122994
830284994
11684293
661790143
941487174
931068797
719805764
335996282
219860782
450036402
118485572
738780192
45796182
298724369
127829215
946027651
367436324
804611991
514481664
745722555
827885187
8385731
838034097
123405396
107569690
842594823
434915453
583010867
959962037
208878214
21517281
425958757
42375898
529660804
77513887
783027125
455932930
419672055
795108725
542399071
551577198
599558489
164611790
468622177
252657275
422625867
454579475
638197678
877848809
253809713
651739177
376284549
669625659
809344490
483629360
370054002
461903821
230839942
812643090
611361869
439053100
936844382
621012254
163567571
241152273
432227948
302337567
601470098
124233834
565622368
136974523
938645421
563298523
554110968
625142113
207731679
306658747
162552230
92064416
958618149
108409748
42099236
726986809
905054147
165481574
795299993
462754119
161367815
239187738
185510692
851702910
439530716
675984413
312858300
968011539
426359769
631798989
259243102
182492757
128163984
279171758
842469976
470244672
667450922
987288873
247503001
755813458
188524639
129123244
414718853
279804744
718121742
423820187
277797548
671996409
945512562
911178086
135824410
475268181
313002039
464163106
584019505
966737526
200338035
685805754
157342487
652786567
204033052
443245202
509846910
491166854
167121377
313782255
813135574
839655346
411207569
526051231
838121038
619226520
743667258
325634618
37287462
459657222
649674394
823618548
167520713
934824367
999965419
91233292
598219064
555523540
820621587
92341048
887373783
501780439
532542874
94517638
575057817
607107857
657376451
222758935
611588928
436385116
266873880
904683610
944724797
828969888
630183278
850536849
770282487
585965836
630559526
15762341
884993059
890005076
906172340
79296691
787729624
861590040
343371037
31722548
907221474
910624528
922307944
378892994
91358089
345208991
120171755
830064690
997046459
802083350
764616851
499725014
435228029
452932021
22021566
546102950
838237460
580473354
608893226
14249780
736829283
705988737
368166442
500733302
651001613
322217300
313110070
317908343
575424625
955565733
688141371
304495490
103648409
304929936
281160707
121377109
164752164
208915970
272826431
156527483
836211435
827456159
440672606
205217254
661718649
735800500
241019445
283209351
991459905
724357405
750892857
767296784
6813656
513685526
115604953
250503630
687672221
475881332
205270619
769414122
54636207
731557983
844970689
189778689
491197555
65698675
49966393
366749652
264781543
703499811
221755948
250758376
60846293
357444067
790297820
327654391
279910439
955186293
402515771
705543475
75432908
762834241
457427158
605775865
201378097
911177530
51331026
85965173
770465958
157031014
203268267
882146170
978512493
200521855
787957911
294767943
936633728
421761104
834579287
988786535
923372959
713246787
747071391
64506269
201816262
408271362
139645543
325735874
786810147
875395161
379515857
530762203
909794157
507197201
860892004
540874496
689784915
101419994
368645307
645551522
702320487
852032809
541740145
934394139
118174730
566957152
939223009
794900664
886439481
926822933
580708692
975832401
157961528
740123530
313563089
907275652
276217529
563994177
543965949
520451716
878510396
673644499
303432372
903610039
92959371
989129602
805520334
642913662
53916541
792589418
994198530
200853802
321712208
402125894
971137102
421878776
977052118
559070791
920122429
136851509
528041843
413643152
826059264
643802124
520032052
270256065
461880303
499293665
407641458
562233946
300241172
692188577
244140756
305597384
11668410
423018359
931725290
608527305
91035721
335106790
584274985
697713835
19333211
368921711
149978331
939415305
155830265
127440529
844194480
578736658
156170470
153258400
458149180
826149909
66110994
376204908
359863137
655459632
522063921
550629593
564163413
318052488
584426916
439385908
251230758
548392465
917192972
40322741
634764319
604357921
969860933
722422985
499116984
997211488
213913462
185889864
132804084
38657391
511150932
520780767
774728769
835876148
429785367
209276042
520044982
577954489
670685685
998559650
259870168
286344470
836042491
999382603
140038474
508034529
354364995
582232228
476260603
853670105
708053247
211256158
655100244
375111358
550760287
988461218
367685981
848178173
154855619
458299239
557684449
585556065
650466619
489150233
978274128
68215666
914426874
365603967
287492621
757122645
711905634
54943993
143763193
964314230
172753470
975536794
343892740
810880648
160824654
885485898
471245481
531167004
603554320
256387531
796216181
839944405
95325835
503150415
203425569
128799274
28661339
967120522
773255522
945466296
73949705
399387237
758941438
647147397
746399524
621994654
408558167
35287161
928602436
777026654
626558445
85938166
291722745
946497036
704157895
354841161
541486668
567176497
847332464
519121386
878389544
712503130
852901093
485514527
214850887
733263300
464578791
116539012
805431434
67273404
653373466
892083233
832831012
284279208
922448208
28445095
851859052
528737807
536974541
227933265
835308077
868363339
250500960
713911073
107204460
730675948
691961746
95250226
722202414
918818988
423189666
955988516
874868681
639606772
292068293
992795393
641532807
338670683
821226311
880537407
461858284
151502039
791886101
117860253
618895363
651710025
540159720
837006752
286687645
705488866
385976733
810011053
336528482
309594816
103688243
925854375
134429737
541478331
213900904
150654737
763976990
356213728
650357990
569820604
590414645
511483960
939238119
137864018
545165102
361069441
285513237
769390403
432589932
109329396
700089671
962553092
695185469
605067797
748259211
746599293
633202530
589205046
627207327
881775566
515196482
399449589
434206629
729027674
547490542
87459841
749512619
534506636
386660280
4475886
233754732
239368410
294287896
420416767
579184348
446702567
935431888
264140512
312603535
994544641
705374088
607191125
16655899
809601142
764111505
266982325
712459828
97813344
322756762
529153709
875275216
105395204
822579521
828383332
954358317
254963617
24291244
619383923
119224780
194495083
499159284
894818666
242758125
495815071
567081387
232389484
377954431
886746451
405042848
702953692
590198053
248675248
66867426
192629355
406061986
947530399
309779682
363407803
978672921
592811669
447916428
713021299
791917643
889712485
770661463
361766850
654728635
545718653
784883431
295360291
885686494
666350199
362460712
455299349
198405336
186120526
152353614
71176213
952862710
766750635
805797513
53844135
432180907
888416390
171116673
524594668
705907459
134418384
194404332
416792055
639853206
268168651
45284410
943543052
313026414
647775897
553192360
734801517
880893159
353253676
877878669
445307292
578153703
419587899
79177023
200027450
701903663
445961604
273590921
586820119
340126636
683149845
71733934
384719966
133001602
148547787
868012952
219885914
358030220
191424352
274032436
7821072
227914073
989618754
394125019
624596770
423889371
77824577
321551170
246770067
154710426
801251379
363677777
329351396
665882927
124770926
17449027
19803007
395049288
837224502
90526278
736308396
370066360
916265239
711298529
659180028
4048044
882092605
119601086
361444014
280510647
812436883
676407952
269780449
665856892
534250906
769726136
984880429
492446047
885019854
812275741
468278812
534660045
336594105
870157459
926014791
275844058
553162471
418853348
32653645
657229435
702694545
614998071
124929798
786347082
641687388
128080187
351743740
809288543
619867085
804814193
529740837
144882875
76782344
947337073
843317063
267982807
425220435
224858302
347626664
472214527
98238152
128635919
16052809
433625786
277422464
494665422
452678133
574489226
887676164
427908332
463687393
905616020
165886098
524697273
356511528
176973297
725960672
849177409
297225273
830873393
51418899
218132785
46057348
138938656
223322465
121988023
193387563
860747781
195672197
842954636
381351734
703887099
509067567
162723965
982366376
176861631
361790930
160233180
87504765
252644885
138126781
436807569
699511145
256827270
57959175
164482902
51825926
171557912
160907277
411915280
18084092
224187628
809907918
517796764
945905370
705422699
200615324
114912981
271162927
823106014
475452864
188277933
781846260
262297174
499776284
172165675
968347297
852949781
367920897
26512095
313992230
101794069
310809461
352695672
751239214
565009574
868929896
140969328
993620943
643538741
976554298
264087006
797146364
740249665
429511342
935578455
818062973
679303275
540619155
277699181
218968814
300212990
154044232
915546221
5033240
850612635
347153298
24818567
115716379
998014766
762708739
363064937
883912055
85149960
871395775
927764128
576247835
123948077
860920109
587288615
722497055
284879410
615750729
342812017
966492259
177537175
643442375
64429389
931132011
403237045
404275986
234265339
747006015
389166184
869516897
354855514
625410251
494483851
716193590
309300088
694827139
197400959
62715469
59701624
640376117
504579892
560950895
744088412
806172538
772330497
691116678
624022238
756371331
913736262
404745993
195130332
388556074
45624710
674971870
968082419
626468571
750684186
763067106
527301098
714623863
951288784
433924142
544797559
364290127
958119600
829376999
947768004
214433560
443949416
486600041
628527184
858888288
419394704
451936404
676801831
515173939
326339239
601379348
227307244
507343398
776674092
462232329
115955045
640039352
250741330
406558150
823083033
164814362
382398630
510593832
644394776
501146461
489224211
76546940
75410326
170694018
269414591
620830312
243475438
347943776
717808117
241937963
440780267
451422288
780455471
176156833
871864724
651730795
583000903
832677272
258793027
73579000
668970118
196774763
100749284
262311681
68181687
711359130
301491938
907988169
682341686
430605133
729390225
777564319
208241309
731042131
25531683
254252230
38867418
691129654
395645847
793896579
83665762
46036275
294834081
555436027
4513694
585415857
794071112
996262258
565748284
884708210
941787599
128054005
346061720
897633443
727910521
879380259
480726325
953695904
780839271
955181315
801126396
464844257
493927951
420258936
229631018
43651242
977165963
363002883
232091863
649514317
601625554
142820747
224135964
616779419
212224254
830256378
209643269
649728439
289559750
63569214
622196416
763778517
394436742
87226262
755000356
2369137
201160056
945283477
625200816
25910497
659370023
125095793
788227225
511041005
736351793
899590311
657243606
801602432
189135472
239776374
329789162
453741596
346819530
859132275
594912439
846460342
77051528
3590887
229901694
63230207
855293991
676627486
387755585
395327327
521981626
281030582
986113762
385606211
130572928
316377957
26639546
215939074
740154504
231512271
828670762
970367082
935469819
424152283
657133985
626050191
314469594
356616220
779623619
541436960
58810945
839535248
172087975
926057136
569647672
486990354
68024522
287874752
883992115
97909608
203254168
936063173
298160712
690855849
9732018
571995800
579515701
284077717
286663901
469381229
971340003
740284149
340988545
223029612
471273511
572965469
841639239
199939754
430377612
501709703
103301823
437684726
271107516
643332881
572161367
465403558
381625897
936414304
42715996
360073222
561081180
469987631
927684150
286876202
111672856
730969059
553826502
892905339
202231901
860810855
866740189
811612693
869327603
472305398
512523167
980038022
474609677
713609437
647986674
108199348
180555626
623784757
877363992
375917721
720273068
913246379
366147530
204571574
354166456
339125841
845933619
26959039
14907613
679067386
790561599
997321068
328532848
21009212
789937320
49656403
556210982
568600389
368081592
439793557
944454480
222058070
336463240
181504726
553523665
537304547
97105301
607446244
820582856
917592287
783106386
219667728
872278353
547756211
353873291
427220779
439213307
164240349
525982202
462995692
950768042
844618326
729909228
188643248
256466311
873708712
505059539
21652190
374753884
161143688
543317420
745644904
730257103
717903744
827589322
197202053
519515589
447680655
458666955
144295988
391188503
394014680
969960124
265933944
870141378
310434160
545909467
842515437
231214813
942532825
631733760
958593498
734509032
270594164
17985347
78562133
637432545
691943107
471648995
621054130
161646444
355311182
377022777
625450312
50450958
895558756
582961547
854326866
383777562
989500370
912028824
807257816
328491191
698546074
151262217
818716852
720977922
872391669
29195513
698990633
700107994
699895808
738620100
366596163
77997449
122438266
79425351
166703004
269403323
267334392
544106656
779978115
980579456
882522518
789962100
827926426
134907174
590389767
423971647
670592278
42377823
192023115
516803141
261366910
386639582
533824724
935006997
792561362
496498380
942033734
745803006
57174705
500762515
633269120
613670864
356950123
769258800
938487768
118916599
736390350
608005354
903415317
92664355
855759141
654079123
703179755
284903776
472212754
257235294
313396377
870452938
244208147
640101280
76010622
539448913
533330400
685181659
248949453
136975742
501360056
798055645
358866819
597720820
192286493
190731207
885133339
791577107
172010813
653873891
539504278
977078476
322605864
105959916
457760741
767467380
379180267
383549108
52793301
489566502
493588352
998084678
101680514
941612896
539121201
929059051
338304075
875991056
520402930
885366201
407272874
468702399
858269809
514201413
564467494
486760405
667608373
427228827
176492208
385745652
953120665
739702693
121980965
213795199
321518112
118598279
313796628
951724725
379831030
26819511
43038794
629711521
435789831
726489335
953788438
104041944
303718043
57895752
729814057
64524606
985700274
67690774
855055031
830154310
609867616
713997539
734653461
698106503
94212445
47693721
395040990
421027076
626940958
169780432
705133481
26630897
690400331
245383256
21393852
212205061
694455325
967879670
23341378
741926632
538374320
549333505
245820479
465824259
555833642
425787689
877796893
542144583
205312486
638079494
276026791
666858454
264577447
401803931
866790252
636998512
46195727
119934169
671569651
852662466
371767584
974471208
296078780
30536046
304111386
377118444
204550112
918186048
213499798
522396033
404039552
667514613
191197309
941352699
89647856
587516173
747611495
334016334
486282836
973288246
337634535
673343495
94263015
885351423
472047980
430506337
756659509
296978238
676333325
827452703
938116149
97763265
546504122
155925439
44991080
26499627
642839259
122455357
851904368
532228860
811033370
522116299
280451850
634918048
402779918
455657781
742679758
455123995
756135516
636642931
254728340
676906166
92030967
446847431
295625107
116902920
491110557
925078850
996263911
872817007
581527463
438093150
970482111
680322710
142115103
321004338
33878514
132776260
479951902
448842071
38315468
50819963
991895313
130732538
721809340
241920225
303389905
932609197
798866266
271764952
466570214
783341441
346854660
909863917
737512579
908498763
982097562
715746532
284839080
911565598
536263337
716720738
191815486
304957896
966266255
182149903
397464008
85050715
958386320
313445153
164668277
483609227
911071547
528569637
50144251
912712241
746398436
243990117
381724486
798187140
310931501
781032055
888350145
654689268
229688030
318615584
38262916
471970429
49958799
357537457
160129180
756235183
128373346
576425103
867984800
254994810
660415214
36487420
69973956
453101586
142179869
142298156
871950690
39295005
780260847
697006312
708257628
498961880
187195911
772682211
22495919
765399172
263536488
864055256
138257597
32204590
332500122
359085527
401595970
680158049
56883684
138575251
330440151
283091439
44433328
918311256
27929090
42976320
164120045
635367649
424412871
705050506
213849747
402143341
70346358
933425663
544107104
830551812
497773164
799687786
588533413
853718967
452135451
819551582
992758948
388795133
595752436
869663369
623428970
12901179
76394805
525667511
349993923
280730936
37896989
527844364
686104522
394941423
526871827
61958527
735103633
691926015
517848366
689136761
966313966
107927632
11045407
528834790
521381935
981556070
555523409
11993733
834650320
699885739
660376767
271247591
811617513
392570367
991830462
26718965
467937661
502597066
195655622
146016922
587935492
466723173
766203083
597055678
763241773
45321374
431014459
248222624
139517991
512959264
6114165
638065188
51860535
141366258
191828396
677091378
67669720
719816244
189891482
845932267
228105488
390927737
536973979
636525196
570398261
55673121
794501228
765457943
624176956
331990436
477354076
468245075
125555934
802328472
755526326
119312520
64863634
230221431
783574166
262035322
967359933
764765601
179269698
66384334
490419340
590564626
222709718
428959260
245292379
27631919
52183554
712038727
839556779
14634182
291965072
507227350
918519457
499340989
512157489
811876167
917226769
58301464
255018738
37922449
858316454
759592958
140443021
986286857
19728023
845750067
805561349
102137033
486021573
721804068
791048305
522437693
864885831
522934136
436539911
42144068
261991784
39676157
267120400
765677861
494723619
77399845
318375206
360310406
353034546
303430938
829609193
59783180
615914211
302259864
982664259
550325023
188904642
549149457
442277335
261551302
998912232
80306954
334761140
235964461
6222516
654188345
979595958
644924845
74678063
381443550
307162172
627464456
16103864
404200544
51084473
288728846
386705084
496336824
338123279
486668061
852773035
746896341
849173623
74776109
15327604
204079550
985846353
80518851
958549771
808897382
727413863
984705312
544045171
319250250
285909624
16730142
476558491
320767806
820323118
536536007
322291767
264943197
811675006
644036529
717428721
65044979
171571687
766136897
813667455
275894505
344458198
460134437
216974484
326843138
178754019
102642112
651968296
372665452
242512545
820399776
212732407
424837480
444203242
886196853
243789357
985675129
663637555
983085738
457354631
114414274
577670491
462374009
517636801
147021224
252275588
648548364
159362790
137970157
612770779
109022201
844357229
568856381
557916179
826603765
580691623
992570379
967044222
528423990
295492308
260941200
679530420
46418520
381346091
492075261
170828480
744433378
12099279
684205243
223429453
661548904
76445018
964612272
564292927
705038886
181143675
905535751
290123743
105536254
33573275
367004685
242792991
890881930
244553756
916392883
653838880
160894180
931017793
286033741
938174640
364837534
124329099
268493197
415250223
167168595
597567049
500128895
420206377
169252040
324769770
580178919
415261810
264433829
60045127
153182346
839071893
550830088
518417866
751622636
736295313
872167800
280859377
602593582
624774831
608561430
324256667
484136995
370225742
388644978
97363225
78038937
471750813
831258851
617878142
468849802
479442957
111945198
317360695
535104086
880179052
303622934
974922654
653099772
778549707
803541959
454896408
616326072
661452625
456026179
235921533
322178928
337857334
498396758
227053426
361207514
905449166
980738078
116493937
547239294
666262692
681609544
154345454
57373287
673438557
409205208
237856369
56658710
256376624
263522171
433883056
546227305
324222304
263425190
981595040
163601154
124422155
109294323
270230366
537785594
146313913
697956811
416377467
456597685
815154373
118143591
626478608
280698390
446548312
888240075
652924141
294433444
125116587
926716657
441963983
210208320
266736131
330016062
537075977
331093361
905385348
832877829
325325193
412064406
871808343
738870674
323397395
671012544
90091145
678176131
893009596
249862813
345976662
219511941
638547724
747225016
297075787
379661961
467859229
351218440
823564884
236024564
776948738
750969051
715553630
490577477
601078574
521744927
133980601
690110125
127177950
318598724
869417934
692359866
934251849
240319531
394038244
518676158
985235244
644501618
1810441
238749869
601531395
510498251
101969362
60632635
748586136
290410503
467635729
305151747
306702393
798101871
869618969
666327977
314106861
927657730
695138665
75045578
322197070
406456200
854752761
177666645
727725055
287448229
174983303
576189904
621992123
587367512
581544692
63862074
952679184
400133769
647035536
975020090
879805172
69392379
707013957
250371058
629576236
288884572
887122713
872457617
822827057
920701753
477929264
660843848
928683258
537589947
362399894
850149079
365432680
170282473
225461354
276751929
600938820
380331625
996192833
745414556
831290421
36157667
329298592
113893555
357457609
13016202
452564677
589101705
692274292
20619258
796401018
607332370
488778293
76221940
847052476
592469942
209790483
805093500
398595641
318596073
670918273
39197377
893418431
197945381
22339794
653924834
341870821
89596801
466526551
529480591
966502077
508122231
839889015
354549293
191055198
929455526
331869314
341602873
255169206
388085903
925786483
261754997
888989112
266654656
539462359
686895429
839865615
606411478
900363018
630582259
440053299
725228096
879004919
203403225
725850781
287748777
748825142
307737638
45406171
889494467
589902958
427018717
77875136
11607599
286520696
182756063
67347981
633680625
108528684
429822258
147864702
116216425
68251606
280788302
942375009
984191909
576558008
978203453
907357848
885667578
529093112
823928713
44767040
771128971
454813694
965959452
667906633
774461553
819655766
976253126
582176150
843774659
725739030
53972854
685648281
17897759
879462764
186050417
997641885
998868303
773068594
844728090
121259451
481163729
702916813
150228135
92162050
425764912
347572392
653153315
62806171
847050774
653557419
716411373
162129357
443359843
800190492
239128245
990479169
438287736
772618074
61174814
34122004
348734178
834671468
978650457
918400689
477412772
463278561
878256118
132201434
786468158
900312878
440387345
688597627
630712357
236495806
761299050
925262705
847095786
40247016
916618708
813038536
420466449
829941482
313930039
526602193
988465256
762804418
626560455
231051778
244085354
674459961
859517772
326557955
73946864
276217162
186573382
572918710
85085382
121950633
41508215
65680133
553863666
580924716
540095981
717426951
425952098
199591627
865840511
554924785
845419273
853416328
760796138
450929802
599763800
475933187
533705439
154585767
889244895
128184027
649035184
784872212
419960728
781501426
667768986
427695054
325683653
780803280
325186466
512968459
136938247
31694265
168367515
699744380
253081238
123528540
993155971
795230805
506331294
680787094
297168551
260544132
487730192
503496907
461164157
799493910
964613496
851277454
879219748
287970352
294200453
362359542
748801024
694835966
581579970
62942277
707007352
728955174
519029508
533335523
588946408
338726900
125352949
861180513
296499475
393511360
660597932
984102086
256372860
467490066
430438806
166002097
457133513
391890361
666135378
363619843
631524855
257584853
419471717
315821612
93244191
556747372
739509477
865136425
133548738
537487749
362018822
788304581
288369454
76747131
751430717
162489516
725913008
24828816
142366723
947069827
311099165
522516730
86027297
815025287
980252863
791856397
323872392
482411081
935876787
177108170
301292057
345925773
201967719
90187835
252413025
884068772
586333882
178732365
614298107
846264884
928987054
618343103
731859349
754120626
873279629
882027877
501278463
752060870
148704257
137734806
436697872
676757456
648392870
656581236
545440370
13782765
693887793
310954810
83301387
570665744
643596520
739000374
778789416
680485966
342567609
620385008
345376734
154683579
57101196
528596967
779200213
794285360
425207622
283312985
990594915
255732415
716784327
83873933
1957826
634065464
116146231
504321172
753580522
386301604
131649387
204717386
221365495
415816411
345419077
92904647
368561826
84230304
287921698
575153401
792629913
78811051
865496960
206037155
220824969
469569742
558611674
43488804
716165465
487210012
996848076
532908732
437563682
821011832
373504887
252922881
478107752
213165638
486252039
367993241
833544698
717124830
434833435
776238282
619686940
906779907
287597172
698653637
666275965
585076634
270484337
513137313
356482530
156963731
697943855
305301757
972844226
77069207
442751528
612721693
747936499
516469716
699009147
1707234
551911098
331533770
989037514
691267195
528840413
787178953
688550800
247960808
611110532
482746626
928137124
556328565
189002932
787340657
607428016
843797581
938190790
368801300
921556781
650607830
464786453
487316993
616243535
75758758
99205258
446378509
822858801
402997558
893679865
91371659
119847174
457516056
626824668
3767892
863781823
293348216
828051206
402165383
501317495
368928139
197501812
585613440
108412589
259316640
940958445
202199216
905016096
602556449
576279056
581572561
938543070
880715995
893831263
162226544
353970042
907168880
38685566
930779944
637441215
473189455
755471017
659857820
140592365
830659671
28367572
324745780
235377
612427502
709447819
832722209
754523563
28793808
188766388
198561750
338764640
738682140
861886729
823914323
94392455
380499051
652563489
168354814
392542090
656687013
342358415
715910067
524913834
956652451
598135822
814061227
212382932
391743726
566331338
827492345
758633511
669231561
19377956
979562307
711474187
51643861
182931384
779318134
765592648
639635120
339848183
459732119
286184286
753266808
310536391
364022536
586904939
921346031
773829089
275413445
788781434
670154722
613157861
571614559
700126154
445068895
247638920
400290019
244117268
567270173
914239531
10277147
522312651
650274024
63840680
396808750
21310388
50359851
261623242
649856521
9868706
669457972
44497213
639850780
148140652
898442334
708584554
81934294
751355732
675336320
429815537
554189341
733633088
863390254
674615965
388787871
384271775
829818229
39638733
351603175
917702913
263544784
708145369
354810164
701383956
727324309
37230502
425253973
394796109
502523474
810504645
289721567
215217098
820763909
678591791
622052614
890454043
353362754
987877834
822442628
567987112
198648242
192693076
340398522
763109531
769365742
362121810
214756382
860200108
727987115
479239012
506364461
47682539
145830309
880929932
331562167
337941542
676748360
513851482
286583933
156374341
112593461
53749488
189243835
309818643
527260444
534443945
868453041
648417016
98981480
105352203
785796388
28208606
166524037
932294780
175992766
737811758
390809657
323863583
227226554
717718560
119566682
239644038
601655079
887964757
692519468
208535134
309377578
835561851
825017388
928405531
102724157
641320985
199860864
718755911
603062755
597093566
102559623
987458773
12829074
544297193
905177009
356043689
210737708
511471010
10481228
727757083
944498417
865580376
964529787
33081162
333573955
989763492
321713179
551653355
896883177
357172476
770806914
894366507
886471619
817710234
733126790
297995607
294179724
301856846
803323288
530346538
535808989
380169144
761084870
572921727
748600376
824810983
584242133
89212303
494787313
293273836
923181740
961719890
862937484
528343212
715622909
65965188
439477521
945524420
168029229
16039098
115859699
343224054
607531013
741205002
564484881
468863654
184919311
900416083
384929570
902854200
31432789
692699551
786980872
81705566
910702336
887656207
682574845
838276122
41161952
367221756
219355779
250774306
814278729
104780475
410029000
316314036
384172343
699458334
896930813
821218075
34387319
482133169
815425384
596186131
283399374
613413177
121385481
10915539
348873124
308781196
327046650
499643157
917331175
157524571
424981071
690813016
735231872
395640716
679982285
140498856
102295798
837798662
311019037
101638258
164562893
454237106
816579595
677248490
884854041
244559587
3299136
689934502
916305966
114688283
351834394
380754655
983780267
702506829
63181319
968552137
645627924
732872267
365602744
223452231
513903357
733758216
455456461
872126215
18008480
491907141
210615378
662511148
210306929
536323682
835696391
211245515
713636880
509054605
180821883
827517033
281437636
576443779
906264493
780525796
197405998
796153925
666016044
266186793
232503379
996143433
669314090
847690162
995589557
277199494
116919066
419708434
811242043
919239591
526364782
572249397
627828367
122981774
991177073
960523395
102272184
677571238
445862849
688378382
880224533
834602661
722408838
8218292
433757250
16601605
102967834
884900754
551858315
54471791
413365771
880249659
173289240
375220040
829020083
880692918
797583325
597560561
302785198
144659099
472766492
834634423
458195750
293263610
739557821
757980320
579291688
969055945
199800140
24615456
246298616
6250027
376471299
213797189
893618857
258532234
493553819
7894326
391025370
245892953
224071899
102255954
339126995
40169475
547169322
209530549
368041333
453107719
140198401
270035003
905328820
756768902
183166519
543535565
722680145
79470902
74488866
891595627
175308277
853158366
752048598
773249990
416693174
682958281
561595785
850468593
601292302
505769498
792821395
249744910
183087162
823471369
336163389
857526753
506823166
452187267
135251980
258132425
361122044
91567749
398525779
80497091
963416838
97057023
409730106
134156984
175189888
255807552
865462926
897648896
683481360
189331696
29254195
90654711
31346407
363144351
675026573
99598473
247174421
162853627
388923704
519395037
976296830
90523300
974682565
47033061
885713110
473366209
330553749
437782899
783844926
40888103
434764983
829826296
885748743
641307568
134890795
684429116
409559824
294594018
391014850
658660835
697945464
840932150
121748690
10598748
488226248
981250893
334998495
57542381
624902481
173820161
721269485
351148923
396203578
930825075
886158626
314444815
987283842
162013166
772678575
668573731
749038375
603860724
74107614
120874544
636471044
428249196
597052923
218240125
565903040
321025031
42056508
970183916
369380019
400132234
809926670
958196522
358486747
31358544
837599292
767752625
614719941
97579618
568036158
691900978
164138088
314533923
913878673
396803479
350762659
125600979
514130916
382349821
620798180
863280510
103104235
975870306
996028325
836688993
648897673
200400385
455838505
985373876
940775882
696214850
831422192
122765152
783869061
6136582
232758604
975933546
3396161
370652004
329796938
605159599
515039353
13788432
585106713
726495846
784849529
42871612
916106611
632309340
771349848
440318774
659812713
420137965
88163157
850579222
662572283
732241757
387226250
140211492
684719327
653624097
567272666
568551241
422683536
912044220
135423006
280125668
359469681
659597859
673190082
977798034
638132647
884308749
482624154
459766524
978823558
464266603
5822887
768274040
170197824
930535076
189929817
893824110
86198447
2278711
453922197
416430218
866334536
451386544
699605192
273253342
919308130
814951757
901484446
203510285
364739107
931016288
898012590
722829802
184800404
321933376
74314210
92392018
882504455
956723907
273452770
658516639
207691291
800041076
847972076
28766823
667758237
398109059
683853424
42464165
179611121
500916960
907501125
813090459
657898013
359864030
459781024
976419791
494868009
859533188
15495235
893273080
235785081
222749965
652218477
880287049
250492058
46793973
608566179
477696234
987496757
141014789
181272273
581160758
578859893
711815376
573061334
587453216
604253995
464155451
29541220
190317334
700848087
113197914
300855468
744255168
620255559
847036757
853593029
355975852
313801118
861814501
286524469
529539900
938166478
492569686
371367182
992299404
234325154
176554657
559924659
881532824
924965042
820853334
710365637
473200715
903333613
977715888
185929270
64886165
420633766
569525839
958485756
999414987
906243002
405713998
960960566
126971855
913483627
460059488
529349265
920108578
639640182
66463316
790695672
303252535
940772783
101370779
2206073
4508839
647334666
25506098
936240340
519635918
652926862
486326166
488651352
113470176
352281427
128203329
95253987
778749511
687266645
747518898
775099095
867263159
856551194
285446831
185939885
877253683
441803314
928111371
171104422
595421085
993900557
292117514
154546956
313217224
129730396
33094961
157873939
359054498
928141291
291667154
501366618
525569515
501842856
830904195
328897048
4113329
84372573
926371985
425835821
742225725
326542254
842573873
969137120
661544267
869157092
565940708
409871473
806491223
433618313
736549611
13066365
879639739
792577212
471486045
461670459
195895805
935614226
438906323
32349515
182998268
621995428
924639938
367654452
841072122
572678644
281487265
36064796
987044537
873017880
184519775
625485550
778864478
586070022
255542641
464781064
578300636
351304232
27930359
586648140
531572388
28748946
591527458
252724520
824334864
553516109
772543190
796752349
443559594
651696800
42745166
212123753
642145474
852573603
3525504
802603092
339798917
399103813
102514256
671682832
712154273
556481714
408325034
46585134
306007073
948133387
647643646
439692411
432801950
254231158
118284425
656583304
75565350
802084108
492558555
905637178
369658488
140674673
189220584
564942269
207762201
898904319
33717033
523541437
177864983
160745726
999208264
109993555
708281301
507602375
713273760
866903154
888322326
695566172
374098722
84974211
960690799
353284789
861590579
290276660
675244128
333548112
337431277
22612306
954411095
376635846
52513291
238593457
924502544
500758605
707482923
225251507
142845187
115590630
757568112
96853863
594812035
796298209
857524458
629970379
247534959
476479224
539507954
578143672
287389781
49283549
826126340
716182096
698701021
295828304
822727346
262919268
47986707
790642522
693848250
708265213
81141458
437439377
144433506
296385930
156996031
235418308
583520926
236548887
979604360
992114528
758013346
705560581
749012951
89206303
831697365
211412753
767874032
93440488
373191862
616425067
139243113
300456736
11126259
395465222
846808650
596098381
632580784
944270254
489690874
223655490
397014561
449031027
868046785
470228379
765108468
885064440
648372050
390014020
66038323
4529513
295215433
618116546
526833930
879922778
2706947
553587853
395002209
70679169
617839721
851063209
484602973
603405494
814412183
874857847
16317168
285687648
390162755
650013239
715069012
538035689
427391874
390150265
380597228
751368245
21485845
336749470
999107977
485988707
426239227
962994625
966867273
894893898
947338630
327761655
368634021
595450554
240193883
451557788
20516831
390856489
54913076
144981336
403985724
814533306
531025925
25636295
719703740
607563256
458712114
958023091
216336898
497388932
948992058
490850982
748082804
929233383
705969777
91373012
38142564
622742263
206240703
596028267
313359246
258585997
130171108
171139676
840694719
763246290
338912917
6772848
171803561
267356298
676591840
997538843
453543690
954601096
346162161
348668679
42091669
740749969
243878190
83483107
840322816
337940758
966594818
49202347
915866014
59702256
574696649
335312805
271898011
575036391
638633769
873518238
543483743
290004936
167904600
751506213
335830669
818763991
110193083
494515265
691510554
56882112
214999246
199928418
567908068
494116636
288811380
925176058
384279366
528991648
738133153
53853196
613980746
850707409
348148619
527070022
884114688
515504741
444794072
410960463
448076711
347239222
304703476
123556725
777591448
47999439
350227371
395436435
757679943
887802893
511681250
303709307
407383748
665189711
926577245
172506077
261828514
468547771
720506757
438715067
259584717
445151320
317858550
49898934
737120129
704145136
921673887
277016970
358196618
877570792
534779634
723177049
1921618
552936285
342015379
346340816
589795868
134444415
875382666
985233639
601518101
119627120
630964061
216379208
906345797
707765773
2300827
498181171
237136508
318440688
79132586
751305553
777966619
347596204
744150986
694562799
662920400
409087176
111239674
366026393
946475586
413745927
503483472
733451448
123918461
147283674
440138345
176958797
88404712
935313250
223902077
512263921
714762951
618587625
756652959
859987819
5055036
926094437
771335326
873746960
803338955
660821053
335038572
104768077
861682462
334412193
345666296
624570399
991655726
754777085
338085938
573142650
911791539
262564857
383799790
390466934
935687717
873468867
849105524
835314646
975838693
642543252
277167871
784145198
640589442
680667463
84618924
484010319
665315093
189939952
912596723
310514275
239630049
750649253
336486706
125723784
626477046
920853046
708510421
766830217
486040792
817950250
121551313
608422900
145227725
839746571
543825275
9613387
797485144
2137679
106737941
522513352
354695680
741298761
90092082
180852644
518154049
985389564
24310708
305696517
309259412
412924785
463941187
32540678
950889016
129013758
115067903
371651430
837231660
265050544
30585207
495756941
528940521
69996171
261805344
530779781
347545656
162755080
920568057
710936304
342850986
467709880
379969952
954967819
183716944
499700979
718368059
884442958
717035338
429925089
254952422
792235353
818469004
830728565
685014307
640931362
40411942
81581639
654998707
281127202
690738447
613700723
773993983
926414219
766758654
702863415
640573036
287289894
837554867
48782001
556007781
613286509
906849823
803814622
851006361
591968406
417077515
117252477
850891113
87065
911576197
244389385
117403767
421222815
990646788
623149509
369629029
156546752
196001005
445491927
634250205
990834542
152315302
331369446
278596815
70884851
639656709
470589170
261028392
909606853
824185334
125847098
832527729
46338447
978915319
714267675
591851624
949445203
697968899
554253616
737305971
814386792
104485281
515431665
60404031
702102227
644675129
251705318
744637861
922649822
39936348
411236095
61926583
936018570
455779825
825598800
62003425
80184878
189286360
735336026
35572549
456373474
300266973
639216487
554461772
382055444
498768083
435608176
232317593
114229100
987856034
465341618
77476251
295345034
662504871
