892805759
925385380
967911900
238309140
387101107
1549106379
113404413
769263729
816427177
1155564426
629496789
2193018
95108439
40137968
14106727
228745848
491095534
358024874
18595702
871802109
1988103754
1282011744
729799106
1401898919
379234612
992314746
267164048
671083227
442891254
129478053
574295445
875621136
61167235
270523420
959948081
495930707
459504322
1384278308
360422035
3436524
792763789
866041403
252567327
928792456
211184906
629351464
87335570
745612317
820091565
940723398
653383262
451887064
360041742
675558143
963326840
981335544
107889499
1575742632
14815160
521673935
1200468765
878520693
672703742
378291115
1765161741
1093649164
26466737
1893578863
981069149
749330406
1143745529
918906750
229383775
682075174
198569213
436100280
624771911
386781676
998088917
786936164
614516102
739102190
66503609
740053353
624068846
251299506
440718698
848410227
340446764
169456810
603148469
523890335
562387593
203298118
1236849587
1679505329
220737016
211223021
491515018
821537561
314679737
794098735
673059462
613950810
984565691
485933015
387045843
752786244
526099048
842795300
214942238
161268693
1958547462
525121479
206289061
715221572
1557671693
641978308
196487675
889726918
498046094
959663431
416386236
553328926
955256175
816035675
328199940
815441954
519149722
974731641
785234463
1166079055
795285187
637168342
206830429
936932588
398071499
695441429
416315933
736887733
200074121
424731763
346089376
866661963
96743271
833279142
1634545407
1626431023
382773939
968722264
421219027
185322387
679216750
688589535
673054705
981630067
481478017
754204321
67832922
988565311
823105511
145010429
889099783
1876403622
1752765112
648017709
637506035
1982039691
761061677
180807697
757263632
180287423
65095656
521655879
581301363
869690411
859111332
999555825
856868904
587005934
979423783
882701772
23125553
367062312
987927601
1662586677
222069046
103734769
915058065
662899246
416813723
312617815
434346563
156821616
338717860
329446183
148084080
920462888
686558440
457078654
60636500
771804309
15936838
1311163386
303035585
231850820
201134937
310282754
487530498
533127556
495614548
668428214
526445841
934637796
947156826
1364160082
457882071
1311227680
509103349
696383389
822278444
700551614
986720916
582693292
296524046
587801894
973798004
863004321
578424838
1892747553
400929000
968888690
759693343
226577548
873135804
248695172
220511803
681956067
187767576
843358712
403812425
570024
325054554
422719753
289023375
231329804
252666066
608635823
180963342
962863547
499738103
982887877
1886164155
400141272
543581092
54749666
569318411
460475137
534322336
22233417
331420930
1433878909
673689495
998194476
278679543
51510413
176370764
552139419
508656322
472672909
977967680
448635388
432037318
551904801
93650728
721462396
445034268
655550595
455146664
589314499
769752712
28162008
339511657
107586032
1026852184
100303326
547623351
1233207103
753599660
267404127
211016800
420998605
160555841
1586931893
966411149
810053571
118695111
422194319
527143516
729486119
651474907
229585191
1329121156
939641443
977557122
186903468
728782053
741377362
452550352
553353838
303049815
754446748
29805976
626294047
518188162
401255146
883298629
753240697
125391970
141438791
150117577
250923828
363424901
42452517
424242298
593426779
948267273
208417653
405105594
622642914
738125599
657189750
589647392
404240586
568311790
146285126
1603952035
45527213
304558188
624134832
1985250180
1215865520
537318030
690177620
588380239
1297194252
508912813
315171799
909069214
542092727
803432763
597367265
710161130
496716829
621001557
475612902
928458850
76365189
1395153620
1578044027
349553928
1150756421
488025473
173632185
945042428
735828770
202110320
318320656
17436409
211016002
140340519
1631008153
255982155
1275446259
329123924
544517998
822458931
641543990
471938302
187332112
490666344
1170064173
35018826
457087662
750292908
260006839
1200847290
251664782
1288482202
1789475561
343622967
429322115
954413778
242412222
754663013
875784799
521652738
716211901
184031368
129921158
439078061
320255989
397496893
703209692
69189602
884771986
409929759
23404309
363800468
354021341
527784358
1863504105
822404250
476288293
692372600
1292774383
310154183
847346740
764647520
520016164
995322505
377551731
448512009
819792843
369336300
576224621
1943149264
254087285
776118172
128868153
152301677
506744068
327513495
934882879
465628978
123390278
969464122
373803564
56776216
625462843
463646444
652307118
500905611
807208988
346584683
1405663261
605704623
1804140792
210567382
1494122893
1019542204
495830661
407347017
1782224849
493587015
761634864
47212267
414824204
938572425
391650635
957283536
393449264
114957595
13908298
384036172
984436945
35110484
200158588
973963345
441772773
778614895
916764160
459140520
344760451
14504354
79574693
124042462
242347587
431399050
853675187
962475147
758569947
785896817
700024837
154461975
139317603
782776304
773514736
84100908
384987942
977324037
239312043
390657860
287531493
757181275
660767377
63589347
86388654
945618200
126018705
941547534
1516845506
997925904
440872553
322112801
338631952
895523739
646690703
652096723
1411598280
281327234
984143537
213549869
1762017652
687904879
797269319
750048586
687303615
990343587
955920127
1360185066
546534571
326491701
89707036
906015396
125326684
435213805
937640857
520482745
195142640
364896899
72064470
280968570
1321834705
255457175
166775593
219712323
678101366
730544452
238895178
173203575
384844944
709384423
621913952
416590311
440763522
279411494
620403857
63194913
135196988
950045815
775782990
518240408
536950736
1459003045
672823019
415437747
472518140
637389777
676888325
842416402
797039637
191244105
869360680
987510623
26515962
297916930
1072015231
176464323
299728243
158915459
654195691
695956467
1940262230
31728831
63050209
1631981604
162374566
755457297
839634166
969779674
90705355
815242840
883679583
437803722
634354292
478506910
138719972
200214622
278845201
628125151
3686098
898481347
847700547
233905452
994762845
725773910
1330076798
869314759
1765368057
62225950
95048717
752595373
545986008
355311744
620016043
317549353
676111755
1181879173
911761670
867551233
600487990
414746557
647142798
1786104094
549563538
281273544
844218866
191519251
834045753
932476040
579989316
538266833
226824454
544364907
782332255
272707798
836328160
469785379
904646090
423949967
931556351
34737285
344218871
435203985
140714132
756639239
734687369
288625570
617205810
145378566
520920421
461564419
916441307
905466427
525325976
943235000
541791687
288538030
991487019
233178265
700578576
142951397
43566409
963913384
568758961
125718511
186775546
831578070
286021856
853395695
318664147
156913576
615562039
817640157
350882478
1654646282
833097156
1703841348
996791280
823923333
58928317
172811936
223208501
1945938793
839568945
451422107
689698706
116481022
104152735
155818042
558411120
270688176
319517272
632100935
555710818
221786270
444400605
1569848666
27520436
995529544
505437408
398726186
106347261
996460841
501388539
188227188
200934953
273015981
1147859317
531068140
657645072
633139721
900966159
213883406
253083375
413901679
39910437
436937748
821835845
667311270
936071716
978092849
1273910473
810391073
965365220
925317244
518693117
945853377
979743338
775116639
413301120
477597923
189609653
1943505487
139761270
258360890
5393580
301105242
850331336
449082801
406403069
96741834
893494666
175442557
863456944
13334934
529968893
82482827
523472911
140283783
1457212473
613639686
431629067
65679224
893564606
338242872
200434810
137658428
99058896
210882177
143619341
27727644
14182868
46401806
558519477
636665643
479143821
524957649
906870094
897078322
1224736089
89217377
277851634
372282178
744383636
624980820
1990032972
729076307
941045597
354328508
132787192
738358745
603520825
70219476
487228451
806479210
922579090
544045131
1999478078
278171539
23224884
177634760
253084480
820053837
752017991
168131554
691640473
855107718
947396689
645195326
597811985
984374459
661006599
955797594
961047384
776849489
889943566
1047819337
749290826
186348028
626154797
806334612
95525223
116301595
81900543
635827691
479611317
528966892
809337758
375556664
971977599
904453507
653825261
488733542
155544562
586799553
313588993
733107628
334381495
83841749
149484806
104385532
686231952
888252519
1968001829
79041013
601981622
758859280
762628616
717374264
183757009
24606588
152390648
447420153
255132089
886600844
527135634
610880897
1907446150
64916188
514460086
870673628
884892995
714681012
204626611
946922273
561947985
155694301
977007342
678556019
171778298
75213248
223855669
493206831
304021310
831473663
84445350
284158397
475540615
350486471
809479697
728186661
370751557
637154289
764759450
651083850
258446265
174711133
824493156
15210550
973237683
330141733
793788202
798933685
868015127
893498091
816380529
810058628
613563293
533853164
753697563
360567044
238062144
318711730
793694052
149999271
1721993055
577755618
302083726
659147041
97067710
417708466
714483793
1466275523
839174443
54833492
1068864244
28269439
646982558
635533707
19341638
139778094
1320605579
322242324
454445580
592987615
97455562
960360119
249936419
903515350
718942405
747140171
7484436
251776284
24951038
92155125
937745508
240112250
919244191
851140467
873156112
809340496
925735134
489598180
627872192
310209483
907510481
307305222
87787982
9043054
935086017
89891229
693500846
797356398
317839213
168045894
180271174
564532149
878605173
916767721
1252460640
479166228
600593479
308652352
381999978
182241556
786529052
552086409
217685300
949557006
77052645
119617484
365586898
698342275
181514262
611142030
274229051
415774008
889961518
162941433
859617137
414350466
1551176741
255400376
872697250
796083199
664975116
56712902
925865965
592129718
1252793193
962528567
995903778
95540384
982057144
210386462
533019076
611113240
625823723
634550834
705462425
711218963
561777037
427446942
813866848
78204379
586668637
403880001
231649010
929295698
400708250
76078561
444010360
865170007
243511171
1977125075
767931940
596884185
1305068225
111098195
306298893
1031270503
899695059
385189383
66280237
740828858
1717269792
643604980
971264767
572956740
955125945
489463707
930879838
310321191
20119181
1966872387
301297305
628525250
194465592
662928018
57312752
893297037
573706866
1432360237
514600679
393826837
938368246
812440296
463418545
1433377973
57451776
105953184
482855660
221590767
279577905
103892330
181402134
868314794
668815494
716339606
902022578
523030525
941942207
805450862
930207624
74726979
462351259
843665680
176302457
791806438
191079344
1787531246
402035701
196077673
860693270
574319737
325549585
715918381
398563255
1708952316
719450433
813265177
219987763
290392038
124876320
28196497
933001162
139253033
468763841
552622648
506727803
38461998
1585594640
767061452
190994531
583847284
84364430
754044087
392971832
479722461
137789236
975770760
464953574
34357182
16072211
232657056
541322486
327608353
595925110
926897661
1630644365
600330776
378741173
728017098
511983417
1911643519
162640347
856833984
637773911
