1583014570
1981330129
842652235
186438277
483629360
59701624
40888103
685181659
1623479143
262256854
939105179
705550923
368561826
180637050
318440688
234691822
425952098
301798085
316535189
602593582
320440282
859987819
253916202
354619238
8724473
787993005
235377
294594018
813150385
884957573
471970429
979894914
861682462
415107361
489224211
746535931
384817685
756854486
749012951
546914899
357537457
536360421
839655346
986268398
58301464
584312535
704145136
598219064
283091439
33094961
40257932
419667379
993771736
573459878
4876811
473158695
830879089
959434229
1603677388
94020921
318052488
184683209
647786536
178919392
692467606
1532240858
163567571
582176150
582912143
1805394342
899696765
229841604
1414016050
574254028
886196853
403985724
224663294
231258072
660456047
787292172
1565245878
890005076
599762234
245778498
453166652
14541225
505111343
740385080
280639725
870645159
887122713
712154273
213043097
729125581
6114165
948001923
838966771
390014020
250774306
906664379
553516109
859559156
288811380
831258851
870157459
6772848
826556929
984913709
578736658
613328799
586904939
788227225
648548364
151664432
63132965
1082347597
821118317
432801950
832722209
133675502
989037514
966502077
57668359
164138088
436539911
541883447
487182773
607246284
670383844
157261627
334364457
334016334
802566815
954358317
978259596
396340248
804326062
146326147
919239591
950360203
984176979
93988992
968792093
173903986
369380019
1676194265
826757623
171104422
663250385
608527305
625450312
770027684
601681212
902704245
61747285
134418384
747936499
620803395
689669580
137811109
627680228
671374662
94205683
289213978
107927632
142208172
642145474
821976550
178754019
603405494
301491938
626417000
323216265
517796764
1803942736
596555228
394676233
1260425249
265050544
1902401444
643596520
59702256
66463316
896930813
198790140
869187693
990479169
581544692
620575488
304703476
347920825
713100692
490419340
218132785
483868493
427590155
715375241
364216725
631110484
572161367
395049288
564032360
533373802
276452607
760621245
475369938
1874461786
441803314
291965072
535514555
328491191
534361694
68212700
940369308
188277933
537789591
158374362
879004919
618895363
471249569
294767943
371051194
831770289
442410381
689136761
501360056
482411081
580797344
134907174
343373131
840501487
431014459
249158499
467790086
551126206
589654227
26270485
801572169
1201966401
617878142
224740233
886085214
683681053
935469819
994047237
741003989
995090646
699875915
5667536
42464165
732870965
83803731
183174666
1304956686
811985075
839889015
643683010
456373474
935614226
820323118
23285747
650013239
514063904
641320985
33878514
1847279799
1286882010
177018088
473990317
290937336
765522725
437684726
686104522
1305526122
154590644
700838104
328131143
313930039
743519774
236024564
87433522
165481574
433622655
284903776
802083350
796833476
381351734
911071547
446407418
614998071
955181315
486632090
60632635
995589557
743108184
195075238
1607304397
407358212
78068791
1013068732
107611873
685589985
1820667800
213499640
710518180
1063687910
63996240
76394805
242512545
711474187
582961547
279566422
564783554
247960808
1838591670
1310694724
928987054
151262217
835022100
368166442
360877496
323397395
328897048
308230965
80102873
949001862
497388932
767298904
721650775
310954810
444660435
362399894
437371772
354943831
317858550
882186377
620255559
527070022
1456824219
520956312
200453423
649856521
546488217
51643861
972558757
678270620
286520696
34285102
176492208
999787136
95821124
1418985107
614023840
728862764
83334568
11445517
128570614
387226250
701311112
286184286
610753717
243094064
183354123
57373287
195655622
327669649
1494548819
46627790
916684202
975020090
355975852
571614559
511681250
422683536
183716944
891930682
991623078
752299194
620286438
988465256
794171161
539504278
352411225
443287889
784572427
494573022
162552230
468248938
22302000
830154310
857804910
174518214
709595029
347943776
9629846
150862954
672040815
10910385
616387143
1156273249
796401018
357444067
700305814
162669499
522193327
765594051
105525026
545440370
691462927
385337119
707517573
427228827
1153688175
68215666
615170937
516578659
739886717
922623555
183852733
758452833
654188345
955711669
845013848
926822933
61274147
310354043
784105194
733758216
142115103
858568451
2369137
714695553
863503491
148223732
21009350
556596043
648392870
46338447
366252587
661544267
729691256
946588132
602633934
788637117
532542874
332983068
1224621665
456026179
10776848
1907178053
891959095
691379397
894267001
1193597153
1498195970
860374837
494457681
997145610
866397094
419931376
265893041
838726293
297995607
1361269640
111945198
424126256
578300636
121218666
839249859
1143943175
598096672
935578455
278179256
109022201
202231901
802084108
379969952
935313250
430568300
742225725
1876603560
30449647
650607830
836106963
37500309
1237036621
676757456
101370779
323335571
689292839
462117611
496336824
4508839
1648330546
907357848
607191125
315652296
532228860
403751971
343371037
1740047089
629322174
920122429
980020808
341183629
758107401
966492259
955194123
582337874
946365542
349373081
168367515
472214527
1316406157
109993555
926470490
529153709
33083679
511958813
373504887
70230186
805324697
487730192
134444415
924100133
44991080
96704124
431195392
546839815
1960583880
762454079
761914898
673780362
371640494
49915884
14813802
1596268515
327062409
52728880
854811528
869828814
619383923
774728769
1762677850
1255001410
547756211
838361587
659857820
601292302
393408788
757679943
673724729
274414851
864866277
686131128
144551117
457481798
664070873
915357487
719805764
818348337
116150792
492674093
206240703
958023091
553162471
532932408
1339068434
162875503
983147931
62113314
739702693
308220518
251595606
493779073
177479248
1227094760
968595284
75391494
827456159
351957962
721448693
695822597
660011319
770030537
258532234
716784327
408456120
993620943
758633511
751622636
904683610
1908501673
40322741
66086161
951288784
607117176
1281541808
312858300
423578422
324634980
629550601
295643942
994137902
1472823493
502675315
864055256
666195566
480259108
420420998
652173404
695523366
992859856
504518549
623657906
303028052
580715981
996811460
521560435
326843138
654260365
667143305
1546142360
793997417
322756762
181795702
969055945
548436152
709963818
951511733
58042465
808322511
447096842
556027155
424152283
601759023
111768427
824236473
544307978
509677929
1114282214
765677861
203807279
816424120
956652451
612881732
778677947
1209505219
632309340
927657730
285213931
790859444
620487667
689990388
4475886
1250987164
45321374
349896538
73025425
754120626
353362754
468408515
731859349
159711105
197662216
801373737
78739441
704018765
948474397
547245507
101519868
788257040
1101310447
14634182
453466268
494787313
25119894
469233451
753580522
601655079
640039352
348659239
412064406
347280979
564643183
1563340766
722482499
419708434
872817007
54780232
558317605
1699068677
372046742
574113041
84512861
337870100
479239012
290246855
161367815
955966861
1413218888
825080719
828759849
12583090
838034097
368801300
114990944
849527968
844854452
970183916
416629755
204717386
857729557
1558573631
380169144
134890795
20579168
991655726
1420363990
1360285042
994089906
986403895
978556713
514006146
57608661
914433642
932294780
75122672
400133769
99598473
17549937
830873393
877878669
1965389807
183902062
818460447
348734178
693595420
575972386
427917152
122343912
1232573915
392987301
292117514
61382391
438825017
756759854
597055678
369070520
744088412
627785801
980550808
830728565
224849412
960523395
659135139
1210687351
1247641358
227610914
39676157
519395037
1248306294
520115135
824334864
154979122
847052476
601470098
80216377
390927737
952763558
1369509611
1537287254
1936567470
105591071
493189561
748500119
691187789
289743746
884068772
1740397687
299148118
162962814
451557788
828788336
538388571
28793808
862578969
878916692
545301929
901543879
298690761
148673999
539507954
504710866
942532825
387561632
350800705
815228591
760796138
529349265
24772424
645627924
1142464955
701775337
906264493
1901504021
603062755
28661339
489690874
127718848
494988135
48385569
145576818
677091378
823928713
633948184
938868146
297075787
584274985
229446029
112493774
727324309
849894862
497555487
177936733
459222729
575924610
628008383
679209004
291286264
142366723
865796329
252413025
843535363
859908206
632580784
755455002
599763800
392843224
57187330
230866352
992141998
337614130
79706617
903621343
890310003
559040248
668688151
284839080
253487409
102514256
845647527
888350145
724357405
541251076
719183097
587252573
546931657
310809461
994198942
72802605
95325835
637369168
394436742
20078948
517385627
177352927
271764952
1791873399
346405496
368928139
106835157
327046650
208957195
603585964
704201537
238280168
938724395
889289651
823436003
851216757
235273641
745245041
149046564
589673519
1949234203
432180907
116751470
1010737450
186996241
1983771356
681793060
1151913901
1954962377
123415840
294287896
971722216
922232280
1277778837
850957149
941787599
683853424
977756521
255537851
501366618
164455938
459189430
461903821
493268221
957618997
132776260
365602744
829522410
23128122
444000934
43757186
443095579
677592714
1329575576
708053247
1016446170
844855142
214479064
1459507829
264166533
710365637
160901252
3163045
100749284
528840413
654728635
958709829
818469004
1307139144
256993742
968612809
581527463
9039225
287970352
143678016
267356298
727486001
1952244408
484391455
49556970
698100311
763241773
885485898
429815537
834579287
411739688
585693239
819654541
1329787733
699885739
1010250709
411207569
530741131
840527910
790695672
617839721
751218135
1048664134
849173623
128054005
429210564
1883802261
284279208
749027897
520780767
119934169
53307130
746399524
692519468
566647410
692734119
880878508
841360970
936494403
1111714413
385745652
254231158
817304948
372665452
489235759
457628860
357187861
693887793
128203329
391568122
887746148
183087162
144844358
784196669
252568058
113970387
603294014
129123244
829618202
427908332
117252477
673343495
518207372
756135516
917739610
1442783622
830659671
647986674
199928418
356511528
823471369
1207747122
249828690
251443397
114912981
474403581
464815094
565622368
429822258
560708241
350227371
964529787
281824218
207890061
181311976
931017793
615808444
422547730
467842335
519664746
614656265
710240659
220824969
367920897
14199431
1714489494
348136779
700364634
313992230
258793027
823196719
209504183
377786249
255634406
256466311
703148422
179604520
279818498
467644326
152717719
26237059
1113944692
835799012
396808750
2348014
151850324
236968624
334822274
1767949002
371597852
244208147
794916927
755471017
880287049
421027076
292149299
875275216
36064796
681595920
1373442149
199421091
537487749
450292968
885351423
541091299
1734240930
370261065
1904300186
838220398
422625867
1520646606
875043471
27521022
171803561
164120045
725949265
135749156
730030317
174022813
763676149
421222815
201723093
182149903
46418520
1540567592
1392813465
789980176
376866212
65656362
432348809
