485180905
12829412
201680791
1150874796
276894689
241183516
56748318
824728938
230110693
216718208
709181628
653009524
485384524
733112888
349748916
1861534974
877247218
602085461
573007424
67981107
393187868
1936717228
62964902
56905284
317853490
13238271
435203400
1032014322
200140789
741059276
956690481
1592398173
1704839210
1084525
1475960601
61879951
99734464
129221158
273013242
208360397
825259822
251140069
224893039
392978795
901764676
484499417
141701963
678546596
530356800
969512978
444738393
469404895
211035075
949184540
236454893
631569729
1494594625
1035597418
1823625153
1173765966
367052571
1324592485
798587229
422702160
450238816
322036089
948497141
149314258
109317799
797510342
592998941
750916036
519780139
210821048
791193472
772828104
364782039
978751835
660317421
986963996
272524421
294300619
994148690
1874589709
1923071437
533226211
965370099
487442056
1493417026
765944268
346096953
425119748
4462428
513993640
233554500
294846667
373588827
483444793
628164751
1008995053
739699180
802787174
266282810
867948874
285822402
997644488
962818457
1016517426
34734941
197778608
606227337
416011327
964436503
279179519
573676824
680418128
804094124
979780948
711669792
690043942
357417457
1666271471
530822815
821384109
582031265
886869781
564712388
792304200
408115351
148675815
977776706
217469168
276605003
111581454
392485828
239003538
1426521622
274183481
524063561
932543048
260510478
242668579
58585016
798867482
731189185
113044721
1848788698
890863246
290704734
243037602
1588926832
545169086
76798101
470740921
340342288
879072511
315117512
282334457
17321774
842196214
78700422
458941821
843475721
1928381351
1139641040
238998703
735580520
615968286
645587875
528293218
1896331059
491891773
290394002
195786730
840378470
829632700
311121443
682252259
344532219
122445652
396761787
544171398
894720421
295829910
339928455
654845378
423058735
808970378
826843416
144886998
238443479
298433337
845266856
989064302
1586449365
514013089
554875981
1511424579
793498513
849006338
533260584
526833656
634426458
64508996
336576454
281519744
620237685
977804351
7603549
375317040
621069015
24961497
967443668
323215738
777362598
815463253
411851662
129112184
344058334
1866402626
825432169
958225527
1077599980
882363847
288373019
720784555
67690524
793493156
302614095
27425339
390683343
1739983878
859983396
612070546
974983031
749578951
374532870
296715983
226565421
877396913
838699345
212231363
733114042
370470170
969947565
576144417
984508465
649651715
373338332
386657568
637218422
255878209
874842434
1976647153
802068571
852276560
268452640
441330095
731705476
99925336
72225942
683461480
62837970
249242441
124667415
132190788
1432414585
920430738
630986746
288375184
477478015
90380720
1851438344
1624791741
852506614
231851971
512889515
864714353
609492923
442713903
171676567
365007619
81004873
223330526
122755137
921726289
58067765
797371722
357540789
6565050
371647177
780623201
515651846
664069621
876870925
418669032
10895086
374834036
442719062
912203981
448368858
953851110
499760378
536150226
1736072181
421829078
424973888
805096264
145185514
285710025
618430626
1370390405
1975990650
311395754
1158740721
391243330
1649823260
1892713812
269818662
706941392
1451714246
468064717
258632284
469094057
65294105
973260259
492927996
768173808
378132526
1662999620
62453893
693977873
99864858
473738955
1686361084
285578690
250300642
80595630
440483654
982978879
684595042
514561450
950954510
822576629
756617355
1201783121
344210246
60467691
988179138
408370231
499523918
821538198
728751129
265534611
8544748
829740851
452478962
864117808
12047645
782574171
456863613
739934465
434085345
786040598
41573867
581308941
72466706
489232895
621405363
317658690
285117781
948889141
675396534
886808924
589353574
399451946
636669418
379807299
80529608
837627168
568978289
455985401
1681051626
490571528
715616105
365210931
508651639
850864856
43176751
606702039
563252825
474808415
436072593
333216968
778983685
409043243
1784406943
100801830
771922685
825297418
1365318419
705205748
935319384
497261090
940145611
866543297
345304321
212060695
237759397
606344004
263304273
862421551
988854739
163461253
155206510
778187767
315770368
763863556
438741579
321952838
464393990
886487585
353329828
142071575
971582574
118665494
186063757
1554084858
815129111
1951884151
964879216
385617238
609486475
211922363
358852892
599055518
943667521
776890994
677733334
836576845
228903399
677495405
28781283
1027108156
610286198
883974716
715267572
486661861
72343710
572051859
1803628775
434983658
570561676
157869047
512006318
1238941264
813387471
1050348200
594557320
857713752
971903570
319175608
777552073
506519040
274357763
893164347
1088403493
906332232
738842112
412971190
394738994
1216470680
678945998
613662500
459351180
92286724
687466324
726556805
234315385
984541854
71779193
930874429
634436893
135298671
341506677
814772501
554531681
296424765
403216965
882486457
947337194
89292225
831647601
114131683
923672075
41116366
627177680
147516513
583064989
427655668
653420058
735762161
476938104
78329823
996172330
392013203
514027625
939091384
353136679
806782956
541213022
794534874
281958148
604473951
227416763
618744270
436253161
365026377
640822576
606708728
653601761
994528307
825398066
912158124
871541868
756084771
328463047
371841955
259760595
814450280
268719771
304043164
785345626
15225694
430233349
866353438
580520823
763111214
999265075
430398226
278754879
368291271
944814434
595028102
368145506
438607626
1010035619
377090598
78780157
481302345
307769865
671304635
834366370
802151849
951810228
598828587
439830330
133234888
350896159
648579415
527223490
648555919
818723345
459843989
449435310
980650537
980009883
90673974
558554689
594852812
171791027
900006612
259014641
640583559
286862326
1822218211
169643211
74685565
855332151
1295966633
796425524
995729225
43176370
266639898
928092457
1882256475
671568217
201015226
225270693
678519700
332740752
462932646
905224797
131724793
635594796
379787825
403930360
164197297
666999795
850281136
318869352
672974812
600537441
159726722
519527992
308244073
367426351
631707955
581340972
670783002
1084380346
243720403
1153128797
415024298
685262351
165087342
960702202
903629850
652252020
316481214
199721990
822538640
82260379
951744262
119826179
136791315
444654669
692355104
857882870
853541604
1481018059
1983644881
960981708
556503321
768512197
52315156
906450849
694958668
86135198
607946173
658097205
30132921
131912420
151297501
272321982
648604250
1278453352
963543373
13240989
735192802
783365388
438087155
590399393
176208419
1222126954
532466768
684080691
159199102
851585955
842453022
917760264
609037264
1976151302
911052161
989447740
513252509
153614652
564178885
1713173772
139988614
523701108
643714839
561110536
595631717
546830449
812093295
1987178759
120481432
1849278328
983019803
665255906
176197170
562381638
633199367
1405394039
791298852
412864192
704512369
428548837
1918411139
69000414
142794747
218973017
343215911
923091850
42210139
914475206
46354630
184442725
46183085
768673812
379479001
286914366
906558351
684133080
468664511
919610641
888802447
370322558
77787217
1169523297
643173907
1622692668
259575336
990717157
825975392
805577303
143950170
230954841
439513611
494306252
1791587364
100429695
820244814
683652548
1061400439
652529438
345547145
511607665
662164387
917912629
856509133
498006754
676280526
281047060
109021154
63198083
503707438
382164878
1334648629
63553051
716256286
868915173
771848992
983868274
438332921
102360693
214220596
749392058
296082758
111109822
355249610
179252186
65260717
1955589585
44121330
240841816
288116987
67071193
316562039
1609734990
313042914
754772232
371374321
879267761
840500601
368221386
357443334
530547035
220854060
451589149
335846637
402160960
419337012
24320303
378740759
30584384
312641641
373761425
804147887
570436705
200256189
478717435
534516159
74670821
368674723
699049728
1240481387
335208105
472054788
392453505
723108891
1954900614
709439682
512240501
712433217
646826832
828034501
391699845
945060982
471316052
712991169
228613833
543596474
358109550
436951234
162399448
455680891
171565975
124470726
173958255
37517468
22369699
473150275
998165039
44813095
888252952
194815155
717008744
423166968
1057914717
935757228
19630581
11952411
679387990
44389942
562938004
1039813313
172073467
624583903
1555606136
851083116
40553285
576707267
399425140
524205916
873896094
435379164
396287376
1979988582
499453177
131971858
36162716
616635532
99872387
547609143
809679128
220032387
656580977
443848749
309230182
128840749
393742136
807586543
784212315
195134775
344694753
313575587
610823475
111644002
258273659
427088381
78856670
248094669
799123695
262541023
442558685
524319983
745497624
1094088821
411736506
843017560
802027035
467904409
436265008
27970766
805863725
1887285215
457171679
587229822
486022118
207877115
958351547
270154402
723253830
305787299
892882654
1893675987
45196550
804842982
2196900
211917398
869033038
134786898
491039132
869115799
1832545858
310670050
1343407441
937450676
573182330
721082259
563179971
80827938
487012172
70746927
588828226
21406581
388412990
935679584
809716592
335834539
516772308
108650037
208398346
91325094
924809740
284030135
181988404
917465308
306702942
678912481
889853934
679054144
780668213
509724805
219239375
617363940
397141036
295178678
975400880
190481791
18347082
13851033
628625258
397862693
39144214
1168752715
212236139
388668820
890055069
829783406
263330303
894583875
650277079
1606419245
200741816
273981586
848338379
875139299
984162162
967146491
802064961
757900447
153458964
111649358
356154517
917747559
978983778
725681627
733821281
701431073
693674529
817945254
646663668
928723175
319716443
188446743
771679590
463937125
416946306
910672762
206707402
89995147
136314497
972968246
93118272
404184551
428055100
595221971
473179604
555504236
914494630
711078892
1702673286
431842772
714970524
854891563
928914482
1925699492
636849732
903125270
65047739
396257257
617497358
270591797
750554283
514373179
920042369
128562277
612844023
869989208
139848679
504522345
690188127
866412646
956118854
743890140
677257815
915794261
1994606431
225578497
71778821
906947636
618315926
371526825
728042832
735255723
900279608
369882257
420137934
996146524
922782893
297507756
866553520
481379895
81195389
905139252
390304371
147954976
844861221
78622503
1731568237
324713872
686322227
809244713
759984930
49436374
544506953
367233308
205377109
937860186
361030464
1052904248
846597548
733839151
272102859
602028404
650484150
463091723
1655720353
828429336
317063273
866870447
179755918
543195280
816817987
474361325
457372619
792436005
267502676
735642157
299839840
647405152
183596797
653557638
90448179
477089792
693613326
232156416
485492319
906551810
1141480972
514378764
1917724
577777991
731961687
937641399
909838424
748407162
190854496
235576951
201335768
927896463
1938197636
309230294
440027266
230486690
749244368
512557248
377893290
398589512
122157602
161772472
595156085
1191497183
424063518
168718411
1353501228
638817726
